8327
0	1	0
2	3	1
4	5	2
10	11	4
12	13	5
14	15	6
16	17	0
18	19	7
22	23	5
18	26	8
27	28	9
29	30	9
31	12	0
12	32	5
33	34	0
35	36	8
39	40	10
43	1	0
29	44	11
47	12	0
48	35	0
55	56	12
57	58	9
61	62	13
63	64	14
65	66	15
68	69	16
34	71	17
72	73	9
74	75	10
76	77	18
78	60	19
79	80	20
83	84	18
87	4	0
88	89	21
90	91	10
92	93	21
4	96	22
100	101	23
82	103	24
104	105	25
106	107	26
12	108	27
109	110	5
111	112	21
113	114	28
116	117	29
118	119	30
122	123	9
125	126	31
127	128	0
113	129	32
130	15	25
131	132	33
134	135	9
136	137	18
34	138	34
139	140	18
128	141	5
142	143	18
145	146	18
57	147	35
128	151	36
153	154	18
155	156	9
12	157	37
158	159	38
160	12	0
161	162	21
12	163	39
164	165	14
166	167	9
18	169	40
57	170	36
171	17	0
29	172	2
173	174	21
175	12	0
180	181	9
182	183	30
55	184	41
185	186	20
187	188	21
65	189	42
191	192	25
195	196	43
22	197	44
128	198	31
199	200	25
203	180	6
204	205	45
206	207	18
208	209	20
212	213	18
15	214	46
215	216	9
217	218	20
55	220	5
35	221	47
222	223	48
4	224	49
226	227	33
228	229	17
230	231	46
232	233	18
234	235	43
12	236	11
17	237	31
238	239	50
242	243	5
244	245	13
113	246	9
247	248	51
251	252	52
253	254	23
255	256	18
15	257	9
259	17	0
260	261	53
2	264	9
265	266	13
267	268	54
34	270	55
271	272	25
236	273	56
275	60	57
128	276	5
278	279	13
280	281	18
260	282	22
283	284	20
286	287	20
236	12	58
288	289	59
292	293	21
238	295	60
57	298	61
299	300	5
301	302	51
238	303	46
10	304	62
305	306	63
307	308	25
309	17	0
116	310	64
118	311	46
238	303	65
312	313	66
1	314	61
139	101	0
68	27	67
315	316	51
113	318	9
320	321	68
323	324	69
155	325	70
128	12	71
326	27	25
328	329	20
331	332	20
333	334	20
18	335	17
260	264	9
336	337	13
340	341	21
220	343	21
346	347	18
348	349	72
350	351	9
352	353	73
354	355	9
356	357	25
12	358	74
360	361	25
204	362	75
363	128	0
364	365	21
367	368	10
370	371	21
29	372	75
373	374	8
375	376	21
34	377	76
4	378	17
34	381	77
382	383	44
384	385	0
388	37	21
390	391	0
392	260	78
18	393	79
394	34	0
395	72	80
396	26	81
397	17	0
399	400	14
401	68	0
68	402	82
404	405	9
407	204	0
408	409	46
313	410	9
411	412	21
416	45	83
419	420	84
421	184	41
12	238	85
299	422	9
423	424	86
425	426	46
427	428	46
57	431	87
432	433	21
65	434	88
436	437	9
438	22	25
439	440	9
68	180	80
294	423	0
441	442	14
230	443	89
12	445	5
446	128	25
447	448	10
57	450	5
451	452	80
453	454	20
456	457	21
458	459	18
460	15	90
462	463	21
464	465	33
238	128	91
68	466	92
12	467	9
468	469	33
470	391	0
4	471	93
473	474	18
475	4	0
476	373	52
230	477	94
29	479	75
480	391	0
57	481	95
483	484	25
260	485	96
487	488	9
489	490	6
116	491	97
492	493	32
18	494	61
230	495	5
313	27	11
113	497	98
268	500	5
413	501	9
505	506	9
22	507	17
236	508	58
510	236	25
513	514	46
516	27	23
312	313	99
517	204	0
518	132	21
522	523	9
12	236	100
275	526	101
527	18	52
267	34	102
529	530	20
2	531	103
532	533	57
354	534	104
535	536	18
537	538	9
541	542	105
489	275	0
543	544	18
545	546	106
548	549	10
68	550	107
312	313	108
554	10	109
29	558	46
560	561	21
508	238	110
22	563	9
268	564	5
566	567	9
568	569	51
470	571	21
113	572	32
275	579	8
18	580	8
508	236	102
587	588	25
18	15	111
477	591	25
592	84	18
593	594	6
57	596	60
600	601	112
4	22	113
204	602	114
236	604	46
22	605	9
609	238	0
27	610	9
611	612	46
613	614	115
57	616	71
65	434	116
113	617	5
620	621	56
312	312	117
622	623	21
624	625	18
169	15	51
626	627	90
628	629	118
402	68	0
633	216	9
634	635	119
34	60	90
451	637	80
118	638	9
639	55	23
22	641	90
4	22	102
354	282	22
354	645	9
647	648	59
113	125	78
649	650	21
652	653	90
654	655	25
268	60	28
656	657	9
57	660	34
313	662	9
276	663	21
664	665	10
27	666	9
491	667	97
670	671	9
452	672	9
675	55	23
676	1	0
677	678	33
128	679	120
439	680	9
537	681	57
419	29	121
682	501	9
236	683	46
418	684	14
685	686	59
688	689	9
113	691	32
692	693	21
694	695	9
696	34	0
68	43	92
646	697	122
698	699	18
701	702	122
12	703	123
113	461	30
705	34	124
706	55	23
709	710	21
712	713	21
27	180	125
116	714	31
715	716	126
2	717	78
12	718	127
128	719	31
721	722	80
267	526	128
236	726	129
727	304	25
404	588	46
532	729	5
579	730	20
731	732	18
733	734	21
491	735	100
78	736	9
738	739	20
741	742	13
17	743	17
744	745	44
128	746	31
747	748	25
749	750	13
125	751	5
752	539	9
128	753	130
755	756	14
760	537	0
57	763	5
765	331	90
128	766	41
109	769	49
12	770	5
772	313	6
778	779	21
204	602	80
780	781	25
782	783	21
784	785	131
787	788	21
382	789	44
791	116	0
518	792	21
737	34	0
238	128	28
128	753	103
795	796	31
797	798	21
12	799	5
546	800	70
802	803	21
35	805	5
240	313	23
27	234	132
807	55	23
809	385	0
810	811	0
382	812	133
10	27	108
813	814	90
10	815	134
529	611	25
312	817	135
820	821	90
299	823	9
824	825	6
238	826	31
34	321	136
827	828	20
831	128	0
832	833	20
836	15	137
354	837	138
838	839	14
843	844	14
252	846	9
299	537	139
847	848	10
520	850	13
851	852	9
854	855	20
857	858	13
859	860	10
118	864	29
865	537	0
866	867	140
238	868	141
869	870	18
471	871	1
118	872	46
29	873	142
116	874	31
312	27	143
876	877	25
128	878	31
879	787	21
880	881	20
882	883	18
886	682	51
56	887	29
408	189	144
889	4	0
890	891	10
892	18	0
893	894	18
896	897	20
898	899	25
900	901	18
109	902	145
903	904	20
907	908	21
354	261	68
18	911	8
268	912	146
238	913	88
914	915	18
917	918	18
490	437	9
34	230	11
923	924	18
828	15	90
925	926	20
927	928	56
929	930	21
113	931	147
116	932	31
204	60	57
934	935	10
519	936	148
940	106	23
942	943	20
118	424	149
877	945	150
950	951	6
952	953	151
12	236	152
957	958	153
960	223	48
961	962	21
964	965	18
27	180	11
238	966	82
873	968	154
29	106	155
113	969	9
972	12	25
22	761	44
974	68	0
975	976	70
421	977	75
2	113	156
979	34	0
980	15	157
131	371	33
10	27	66
12	236	158
118	982	46
12	983	5
268	986	9
125	988	159
989	990	18
991	116	25
236	595	9
18	765	80
12	993	160
980	994	80
995	996	21
537	997	161
895	998	25
1000	116	0
109	1001	88
934	1003	10
1004	1005	21
29	1006	162
1008	12	0
537	1009	9
1010	17	113
312	1011	9
1012	1013	163
27	1015	46
1017	1018	20
382	1019	9
1021	1022	46
128	1024	75
1025	1026	18
1027	1028	14
313	79	66
774	1029	20
1030	1031	10
1033	382	25
1034	1035	68
1041	1042	25
1043	1044	21
204	1048	41
491	443	89
425	1049	46
532	1050	9
12	1051	164
204	1052	165
1053	764	21
320	1055	166
1057	391	0
4	17	167
1058	1059	20
669	1061	9
477	1062	20
408	409	4
1064	1065	20
1066	1067	168
1068	1069	20
1071	1072	122
795	128	17
1073	1074	20
10	1076	66
591	1078	169
416	22	170
65	15	17
116	1079	29
35	1080	5
1082	1083	20
1084	1085	21
1086	1087	46
1088	1089	21
299	1090	145
1092	1093	122
18	1096	40
1097	15	51
238	1100	64
510	1104	20
312	1105	31
4	1106	171
1108	22	0
116	735	46
1109	17	0
1111	537	172
260	113	173
451	1113	174
451	1115	43
313	27	175
106	29	176
1116	140	18
1118	1119	177
532	1121	178
2	1122	179
769	1124	25
1125	601	51
416	1126	180
948	1128	59
1130	1131	46
116	1132	46
1133	1134	21
1136	34	0
57	1137	9
1139	1140	122
1141	116	0
873	118	181
1142	1143	9
1144	107	56
408	1145	182
416	4	11
312	1146	103
416	1150	46
929	1151	21
1152	22	52
1155	15	51
1156	1157	20
1159	1160	18
1144	1161	60
1163	65	52
1165	1166	13
238	1167	9
395	1168	50
1171	1172	25
1174	249	183
621	1176	9
382	1178	44
1179	341	21
1180	1181	20
877	1182	103
204	1183	184
1185	814	56
1188	625	18
17	4	11
1190	491	0
1191	1192	9
299	1193	5
34	1194	8
1195	29	0
206	1196	18
117	1197	25
1198	1199	21
253	1200	18
1201	1202	25
1207	1208	168
1211	1003	10
1215	1216	73
55	356	180
55	1218	5
419	1219	61
106	1220	9
320	230	58
34	1223	98
268	78	185
962	560	21
1224	1225	33
1227	1228	18
1229	1230	10
1232	1144	46
1233	1234	18
1237	404	90
1010	4	11
128	1238	31
395	1239	41
313	1241	66
1242	234	0
509	109	25
12	1247	171
1232	1248	184
116	1249	5
1250	829	33
1252	1253	10
116	1254	17
204	1255	80
1256	1257	18
12	422	9
1258	1259	21
320	1035	103
1262	1263	14
1264	65	52
1265	1266	112
1267	189	42
1270	1271	20
312	1272	88
1274	15	51
267	1275	46
1278	1279	9
1281	1282	23
802	1283	21
238	1091	186
1285	1286	21
1287	4	0
1289	1290	187
1291	1292	21
238	1293	5
1295	1296	188
116	1297	145
1298	1299	10
1300	1301	20
1092	1302	122
1304	1305	18
1306	667	90
313	1307	189
1309	128	52
1303	1312	20
267	735	100
260	113	62
898	1313	20
1316	1317	18
236	1318	9
320	1320	5
1323	1324	70
1327	1328	18
1330	35	59
1334	1335	18
1336	1337	46
1338	915	18
1339	1340	20
1342	1343	21
1344	1345	122
312	1347	190
1310	1348	59
1350	34	0
256	1354	33
299	1355	17
1356	1357	61
27	1359	180
1360	1361	10
10	1363	9
12	1365	36
116	1368	191
260	1370	192
814	1371	9
1374	1375	20
118	1377	193
1378	1379	21
238	1071	5
1380	12	0
1381	795	0
65	404	49
1383	4	52
12	647	5
1387	1388	9
1390	1391	20
57	1392	194
1393	1394	122
1395	391	0
1396	1397	195
1398	1399	115
29	1401	171
118	643	196
29	873	197
128	1403	9
348	1408	198
34	1409	9
113	1410	32
1411	1412	31
1180	204	25
1415	1416	6
1202	321	61
313	1418	9
230	1419	199
1420	1421	46
236	840	28
1428	180	90
1429	1430	20
18	1431	8
408	1434	9
1435	65	25
113	1114	9
29	1437	9
451	299	200
299	451	201
275	1440	1
1441	204	0
1442	1443	18
408	951	90
240	312	0
1444	1445	25
1446	1447	20
1448	1449	33
877	1450	202
1451	1266	112
1453	1454	21
1455	1456	21
35	1459	5
128	1462	5
1463	35	23
312	1467	203
1468	55	0
312	1469	46
204	1471	204
1472	1473	25
1474	304	6
1475	1476	21
446	1477	20
22	1478	49
260	1479	205
204	1480	61
1322	1482	59
4	1483	31
12	1485	206
1486	1487	21
1488	1489	18
1490	34	0
236	1491	83
1356	1492	61
4	1493	207
1494	968	23
1288	1496	20
532	234	132
1498	12	0
113	1499	32
957	107	17
1500	1501	13
1503	1504	21
18	134	66
34	71	208
57	1509	209
238	1510	97
1511	1512	21
1513	1514	21
299	1515	127
1517	242	0
1519	1520	21
1522	1523	20
106	1524	210
571	391	0
1526	1254	25
1527	34	0
65	1528	211
299	538	9
128	1529	5
10	1467	203
1441	1531	21
1532	268	52
312	313	202
1536	463	21
204	1440	1
354	1537	212
1538	1243	21
1	1539	88
1543	1544	21
784	1546	213
1547	1548	214
396	1549	90
34	1552	215
1553	1554	216
55	1555	98
12	1556	17
116	490	217
1557	1558	21
1560	1561	18
236	1562	82
4	1563	9
1565	1566	18
15	1567	9
1568	1569	25
68	1570	180
1571	784	20
1232	1144	218
1	1573	219
238	12	154
1575	1576	9
299	1577	180
553	1578	10
308	1567	9
1179	1580	21
12	128	220
340	1581	21
12	1582	221
1584	1568	18
1585	264	9
230	1586	222
1587	1588	21
1589	1590	20
1591	1592	21
1594	1595	18
1596	1597	20
795	1599	221
12	1600	151
55	1601	98
1602	1603	20
204	321	136
109	1605	146
35	1438	5
419	1606	5
1607	1608	21
1610	12	0
395	1612	145
22	4	142
1613	1614	15
191	1616	20
408	195	223
118	1618	15
230	1409	9
977	1619	122
1621	1622	20
1623	1624	21
348	1625	224
10	235	225
1627	1628	9
313	1629	9
109	1631	226
1632	4	0
1633	34	0
128	1634	164
116	490	97
1636	1637	18
118	107	56
1641	116	0
1643	1465	13
1644	1504	21
1367	1645	20
1647	1648	6
1650	320	0
1651	268	51
1652	453	9
22	382	99
34	1654	215
12	1326	17
1288	264	9
1655	27	23
1658	549	10
57	354	61
10	235	68
1661	154	18
532	313	99
313	422	9
395	1224	5
1395	1665	13
299	1260	9
312	1666	8
1667	1668	44
877	1567	9
12	1669	9
238	1671	4
1673	1674	227
1678	1679	21
613	128	0
1680	1681	20
995	320	0
29	1682	228
57	1683	44
734	1684	21
340	1685	21
354	1011	9
238	1686	9
1687	1688	216
109	1631	11
55	348	229
1691	257	9
53	1693	122
529	1694	9
118	1144	30
1695	1696	21
1697	1698	10
1699	1700	9
408	877	230
1703	1704	13
1705	1706	231
382	1708	9
116	1202	11
1710	84	18
1711	391	0
952	1713	232
1714	101	0
1715	1716	21
17	1717	31
1721	1722	20
1723	204	0
1724	1725	18
22	1478	34
1727	812	133
35	1728	5
1729	1730	18
1731	1732	122
1733	1734	59
1735	1736	21
236	739	233
1737	1738	33
1162	1739	18
955	1740	10
471	1178	234
1748	1478	49
1749	1750	21
1751	105	20
275	321	136
392	264	9
1753	128	0
1754	1755	14
34	1756	186
1757	1758	18
1760	12	0
1762	1763	112
1764	1765	33
109	1767	235
312	1769	141
508	1770	34
68	1771	236
1772	1773	25
12	1775	5
268	1776	46
125	1778	31
1779	101	0
313	27	237
27	1780	9
1781	84	18
57	1782	5
425	871	238
57	1783	239
980	1605	157
1784	1785	33
1786	474	18
27	554	240
10	1467	46
1790	1791	21
27	1792	241
1793	12	0
382	1648	214
1794	1795	20
118	119	46
18	1798	40
1800	1801	6
18	1802	121
17	1803	11
1233	15	6
1081	1804	0
268	1806	109
938	1809	21
113	1810	72
238	1812	17
2	282	22
1818	97	20
34	1819	43
1821	57	25
1822	116	0
1145	877	242
4	416	113
795	644	243
649	1825	21
1827	1828	9
1830	1831	20
1832	27	25
1834	1835	207
877	404	56
1836	304	179
275	1704	244
1838	786	21
1840	1768	59
116	1841	46
1842	1843	20
1401	1844	20
1010	1846	17
1847	1848	9
1849	113	173
35	607	5
1164	1852	43
1853	1854	0
1855	1856	46
1858	1859	18
1860	935	10
57	1863	9
546	452	245
1865	1866	9
354	1370	68
877	1870	80
1873	1062	20
320	1220	9
1874	1875	18
416	641	46
260	531	103
795	1878	140
1879	1880	25
1882	348	23
416	1883	5
1886	1887	21
1888	1443	25
27	1570	5
1891	1892	10
118	1893	246
1894	1895	21
313	27	66
1899	1900	21
1901	1902	20
1336	1905	9
35	1906	247
204	1908	31
12	1909	233
537	451	174
427	1910	70
312	1911	9
236	12	248
1913	1210	21
12	793	5
18	1914	208
1247	1915	20
1916	1506	9
494	1431	25
1919	324	18
1053	1920	21
1921	1922	21
113	1923	249
1924	1925	25
642	1926	23
1927	1928	13
1929	1172	20
1930	27	0
1931	1932	9
1933	180	90
1934	404	56
1935	1936	18
491	1937	250
537	1938	146
532	68	132
1940	1941	21
975	1942	70
1943	1944	20
1947	1948	25
1950	4	0
1589	1954	9
68	1955	251
113	1957	9
116	1958	252
260	261	68
1959	321	68
29	1960	32
1962	1005	21
408	409	253
1964	1965	13
1336	1966	9
348	1968	9
1364	1970	0
1974	1975	10
972	1976	20
1977	1189	73
1980	116	0
1981	1982	13
1985	1986	25
1987	107	90
1988	382	25
1990	1991	21
1959	1992	9
1748	1994	8
238	12	49
877	422	9
1997	1792	20
537	1355	254
57	1628	9
2003	2004	18
128	1110	5
537	760	15
29	2007	16
816	2008	33
541	2009	255
2011	2012	256
2014	2015	21
1323	73	9
2016	2017	21
10	1947	257
2018	234	0
34	2020	159
354	113	62
382	4	169
917	395	0
2023	2024	14
1202	116	258
113	2025	36
35	2026	5
2027	2028	21
313	936	259
2029	116	0
1008	2030	18
382	2031	215
15	2032	9
2033	2034	18
116	2035	260
873	573	90
1145	2036	9
242	2038	5
1288	2040	25
2041	2042	168
18	765	41
65	2043	64
554	27	261
17	2044	41
2045	354	25
2046	368	10
533	2048	25
2049	2050	21
957	2051	49
1916	2053	9
29	106	142
408	26	8
312	27	262
126	125	0
1041	2057	9
29	2058	5
2059	2060	13
828	1605	90
2061	2062	21
1860	2064	21
182	452	263
2067	15	6
2068	2069	20
2070	18	0
1748	22	30
116	2071	28
955	2073	10
2074	2075	73
2076	2077	20
10	2078	264
1903	915	18
451	808	15
1613	2079	9
65	15	265
1797	1950	10
116	1254	68
2083	2084	112
2085	847	10
420	2087	25
320	2088	15
425	2089	266
1864	1319	21
877	584	9
55	2090	5
118	1144	213
1894	2092	21
2093	478	21
2094	2095	20
109	1336	267
893	2098	18
1801	2099	20
408	911	8
532	1121	5
88	1206	21
421	2101	5
2102	2103	20
2104	2105	268
2106	18	0
312	1121	269
2109	2110	21
116	664	31
2114	2115	21
1765	27	0
116	2117	31
957	1348	88
2118	2119	20
238	2122	270
1250	2123	33
2124	2125	21
204	579	8
1355	2133	20
247	12	0
2136	238	0
10	180	80
2138	2139	20
2142	2143	13
2144	2145	21
554	2146	271
113	2147	39
2148	2149	18
2150	2151	21
2155	2156	20
2157	2158	20
18	1130	61
712	1355	51
27	2161	29
238	1174	272
2162	2163	20
491	1035	80
425	1667	44
419	2165	84
2166	2167	13
2168	2169	21
118	2171	273
2172	2173	33
2175	2176	25
113	1370	17
89	639	21
2177	2178	18
532	10	80
118	2180	9
113	2184	32
57	2185	274
65	1406	275
236	2187	36
2188	845	21
43	1452	13
2189	2190	276
57	621	145
109	15	17
2195	451	0
2196	17	0
641	2199	46
1651	204	0
34	394	277
2204	474	18
2205	391	0
1460	2206	20
373	1478	49
2207	2208	18
451	1416	49
2210	2211	20
268	602	15
2212	2213	21
2	2214	16
320	2216	5
2217	2218	25
2219	12	0
818	2220	21
2223	2224	122
2225	397	278
421	2226	138
2227	2228	21
2229	2230	21
109	2233	47
268	2234	86
78	2235	25
2236	128	52
1240	2237	21
2239	2240	9
2138	2242	9
1565	2243	18
116	60	28
1677	2244	25
2229	2245	21
2246	2247	21
2249	74	10
2250	12	0
268	2251	5
12	295	279
128	1088	5
2254	2255	21
2256	1632	21
2257	2258	280
2260	2261	14
891	1740	10
2262	2263	25
2264	2265	21
1989	2268	25
2269	2270	20
4	425	281
408	393	121
2272	2273	20
34	138	90
2276	2277	18
416	2279	5
260	2214	16
2284	2285	18
1475	180	6
2288	2172	10
22	4	11
824	2292	18
2293	1956	23
18	2295	282
873	44	11
2296	2297	20
4	1493	219
416	22	283
18	2299	284
404	1914	46
439	2302	90
155	2303	46
312	2304	192
290	2305	14
2306	2307	21
1834	1013	17
130	2309	9
1193	299	0
2311	2312	21
2313	2314	21
17	1846	17
2316	2317	10
238	2318	17
2319	2320	29
124	2321	20
2322	2323	18
2200	2325	9
10	2328	9
34	2330	46
595	2331	25
116	78	43
348	1718	198
1827	2332	20
2333	4	0
260	2335	9
2248	2337	13
710	2338	6
2339	2340	23
2341	1520	21
2344	17	0
731	2347	6
369	2351	21
34	116	174
2353	1030	10
1	2354	285
408	1534	47
2356	2340	112
2358	2359	20
29	1144	241
2361	1407	21
12	2362	22
2363	2364	21
627	437	9
74	1230	10
267	2365	46
2367	2368	20
2369	422	9
12	2372	88
2377	2378	6
2379	180	90
27	2381	97
10	180	125
312	1998	9
65	109	286
2138	2385	25
1638	204	0
12	108	287
238	2389	9
2391	2392	20
2393	204	0
957	2395	20
65	877	11
2396	2397	20
2176	1144	46
957	422	9
2399	2400	6
29	2401	203
382	1409	9
2402	2403	23
2115	27	0
2406	734	21
2407	416	0
116	2408	9
518	2409	21
4	2410	36
2411	2412	18
2413	2414	21
1113	2415	90
1068	2282	15
1356	2416	9
2417	2369	41
22	2418	9
791	1141	21
877	627	17
2424	2425	177
116	2427	288
637	2428	25
2269	2433	25
807	2434	21
2435	2436	20
2437	2438	21
1411	1885	31
17	1010	28
532	2440	289
111	2442	13
2443	2444	21
2	261	68
2446	116	0
10	2448	9
2449	2375	18
2451	1013	25
348	1144	41
2453	2454	227
2455	268	0
554	308	290
116	321	207
919	483	56
1994	2456	13
2458	2459	21
2460	204	0
116	2461	9
2147	2462	23
1704	491	30
34	321	208
2463	2464	4
2467	2468	9
230	880	97
68	2472	61
57	794	5
2475	2476	18
113	95	39
299	299	174
2478	2479	46
236	12	200
2168	2480	23
2481	113	59
1997	2482	9
2483	268	0
128	2430	80
2486	2487	44
125	2489	31
29	2490	291
761	949	25
532	313	41
458	2491	18
1145	408	80
236	12	219
101	2492	292
2493	2418	9
2494	1255	90
2495	639	21
2496	2497	21
2498	2499	122
2500	27	25
1442	2501	13
55	1144	41
2509	1680	46
35	2510	5
2511	1189	73
68	2512	293
2514	2515	25
2081	862	112
2516	2517	21
55	118	121
12	2519	171
491	1419	199
877	1405	17
68	640	294
109	627	295
2523	2524	25
2403	2525	46
2526	2527	21
1524	2528	25
4	1803	17
2531	2532	21
116	579	8
236	739	296
1727	23	44
12	2534	5
2536	2537	21
2538	46	21
2540	2541	25
116	2542	297
2543	2544	25
27	1659	9
29	2546	9
607	2547	18
2548	1567	9
2549	2550	25
65	2551	9
12	128	127
1833	2552	20
2553	2554	21
29	2555	298
2556	2557	33
2558	2559	13
508	445	299
1989	113	25
296	2561	14
1145	1336	300
55	2563	41
57	2564	301
118	2565	46
421	2566	41
1367	29	25
22	747	44
2569	2570	21
2	2335	9
15	1036	46
451	2572	5
873	2573	302
2574	2575	13
546	2576	216
2577	204	0
204	1254	138
778	2580	21
1799	2581	25
540	2582	20
2586	162	21
313	180	303
582	2588	20
2589	101	23
2590	491	154
877	2591	146
1429	12	25
2594	4	304
2595	2596	20
34	1223	8
29	2157	103
491	477	94
2603	2604	18
1020	416	0
238	1386	107
2607	2608	10
118	2610	9
10	2130	44
2611	2612	305
109	2613	9
2615	2616	25
2617	2265	21
55	2619	5
2620	2621	0
4	2394	306
2623	2624	13
57	2626	103
2628	2629	20
1145	134	307
17	811	258
2630	204	0
2	1119	35
2529	2632	9
859	2633	13
2313	586	21
2635	2636	21
2638	2639	18
312	2640	308
663	710	21
34	268	54
395	2642	309
18	2643	310
2259	12	0
2647	2648	18
12	2649	127
2650	1854	0
419	2210	84
33	34	52
65	15	167
1847	1013	25
2653	2654	112
2655	1863	9
2656	2657	20
268	2658	109
116	2659	114
2660	2661	21
2662	2663	20
18	1534	47
162	2665	21
27	2666	5
236	2668	171
2670	2671	122
2672	2673	13
644	2675	20
27	2676	34
17	1761	8
29	573	90
2682	304	311
35	2683	236
2684	2685	13
2686	128	0
2688	2689	20
2690	2691	312
116	1440	1
795	2692	9
312	2693	40
2089	1478	313
230	1652	29
2439	2697	20
2699	27	0
1411	22	290
2700	2701	18
2702	12	25
1895	2423	10
2703	1696	21
128	2704	5
2460	2707	13
1967	814	6
660	583	9
2708	2709	9
35	2564	98
491	2612	305
452	73	9
2710	1653	112
1751	2712	25
10	180	11
12	718	281
2714	2715	18
2658	2716	25
2717	2114	21
1202	2721	145
1144	629	118
2722	2723	13
408	15	314
2727	68	0
2728	2729	25
2731	68	0
2732	320	0
2733	2734	9
2735	2736	9
1487	2737	21
795	2738	221
690	116	0
128	2739	5
382	2741	46
1374	2540	46
628	2742	9
2743	2744	21
320	491	58
2745	2746	33
34	2747	9
2748	113	59
55	2749	181
1265	146	18
2750	17	0
2752	65	52
2464	2753	20
2754	2755	20
2756	146	18
1542	2757	23
57	1058	315
451	537	174
2160	2759	20
1248	2760	61
987	2762	25
312	326	171
359	140	18
2763	204	0
114	2764	20
2765	2766	25
2114	552	21
627	2769	46
34	491	11
769	2771	20
27	2773	9
553	18	0
1321	2775	145
2545	2776	6
2778	238	316
18	2779	269
2783	2784	20
937	2787	33
1295	2789	188
2790	2791	9
260	2793	317
2795	1002	14
2232	34	0
2798	46	21
2799	1010	52
113	1236	307
1726	391	0
238	2802	318
896	57	25
260	2803	319
382	515	46
2804	2805	25
1	2806	320
128	2807	36
1202	2808	17
17	171	5
2265	2811	21
1103	2813	14
299	540	22
55	2815	12
2373	2816	9
877	2817	321
780	1403	9
1431	1621	9
2818	116	0
1356	1029	211
2819	2820	20
2605	2821	10
2822	2823	21
1294	2825	6
382	2113	9
2828	2829	168
2830	2831	20
125	36	8
532	2835	9
617	2837	13
1012	2840	20
2841	4	0
2548	2445	322
877	2591	192
2843	84	18
627	2844	46
2845	2846	9
25	822	24
22	2848	323
2849	238	59
2851	1003	10
2852	230	25
2735	2853	9
324	2854	20
628	2855	324
2252	2654	112
22	382	325
2858	12	0
2238	2335	9
2860	2861	51
320	2863	5
537	299	270
12	2865	326
2866	2867	25
2870	2075	73
1953	2871	21
57	590	61
2873	128	0
1431	2875	9
344	2876	18
867	2880	327
116	2883	29
636	2885	20
4	2891	9
2892	2893	20
2895	2896	6
2898	17	0
22	2899	9
579	1704	25
2900	795	0
34	2901	15
2902	128	0
267	2904	9
10	1853	328
55	2905	41
2906	17	0
2907	2908	51
460	627	90
491	231	46
2912	2913	18
113	2914	9
2916	2109	21
2917	2918	9
109	584	9
1035	2418	9
2924	12	0
2925	2926	18
2927	2928	21
820	177	9
1211	2141	10
55	1144	329
2931	2932	14
1325	2933	21
1144	2936	46
1870	2938	20
1425	2939	21
2940	2941	25
194	2942	9
1826	2913	18
1816	73	9
778	1580	21
2521	2943	20
2945	17	0
29	1144	30
2946	1751	166
722	2947	0
2367	2948	9
2949	1305	18
877	1145	4
2950	204	0
597	2951	20
1383	4	0
2953	1371	9
68	601	140
2955	424	330
877	1145	331
1457	128	0
2956	1485	185
2957	2958	21
451	2959	5
433	2961	21
2962	2963	20
348	2403	332
2964	204	0
312	2773	9
2966	1465	13
12	2896	17
12	236	333
2967	115	21
2968	17	0
2970	1834	0
2972	29	0
2974	2975	21
2977	2978	21
508	1491	334
1743	2980	20
2240	2981	20
1	68	335
2984	2985	336
2987	2988	122
2485	2701	18
18	2070	40
2990	2237	21
93	35	0
2	1147	130
2995	2996	59
238	508	200
2065	2999	18
3000	3001	25
776	116	0
557	118	25
3004	3005	20
29	1144	84
664	3010	0
3011	3012	21
1144	3013	9
631	425	25
2230	2715	18
22	2301	266
532	2720	275
905	3015	20
3017	73	9
113	2437	32
478	3019	33
3020	1896	10
2293	3021	21
3023	3024	14
18	3025	61
3026	12	0
113	6	46
3028	2513	168
3029	3030	21
774	3033	9
3034	3035	21
118	3036	337
3038	625	18
12	128	146
532	524	57
2223	3039	122
3040	3041	18
34	1035	254
238	2595	9
3042	3043	21
2369	3048	9
27	68	132
12	236	102
3050	17	0
1232	229	192
1733	3052	59
2949	2685	13
1907	12	0
304	180	90
3055	65	52
275	1602	47
516	1270	18
1518	3064	20
3065	3066	13
3069	1704	13
68	3070	61
3071	3072	18
449	3073	25
877	3075	36
12	1995	46
460	1605	56
39	3076	18
15	3077	90
116	3078	254
2545	3079	18
27	3080	338
3082	3083	18
519	283	148
3086	3087	18
451	1577	339
3088	3089	18
204	60	43
65	3090	8
354	1927	319
1410	113	0
1856	1212	245
118	3093	340
455	128	0
68	3094	236
3095	404	51
2011	1832	66
314	192	25
1787	116	52
34	3097	5
2884	3098	33
238	12	226
3100	915	18
2011	3101	330
354	1479	205
3102	3103	341
3106	68	25
18	3108	342
15	3110	9
312	68	152
1888	3111	46
22	3112	43
1894	2316	21
116	1000	5
204	1471	17
2949	1304	21
116	3117	178
957	3118	88
57	1796	233
1916	695	9
3120	1758	18
3123	3124	14
1113	3126	174
111	2474	21
1555	3127	20
312	3128	8
2300	3129	122
22	3130	9
2722	2375	18
3132	3133	20
3134	2152	59
2475	502	18
65	26	8
1962	2580	21
3136	238	25
12	3137	343
417	1486	21
174	2114	21
236	1689	82
2866	427	25
1744	3140	168
1759	3141	20
593	3142	18
3143	625	18
118	1932	9
133	264	9
18	1130	66
2092	1003	10
3146	3147	21
3148	3149	18
3150	17	0
35	3152	5
18	110	5
113	3153	205
3155	879	21
1632	3156	51
3159	3160	13
1514	2093	21
701	1693	122
611	3161	9
35	3162	5
1439	3165	20
17	3167	28
868	238	0
88	3168	21
3169	2060	13
3172	3173	46
3174	782	21
3175	3176	18
199	382	25
408	65	11
3178	146	18
3180	1305	18
3181	3182	20
508	3183	344
2046	549	10
3186	828	103
1015	3187	9
451	2133	97
3189	128	0
128	3190	5
2236	3191	21
3193	3194	25
204	602	15
1352	3195	20
3199	673	9
567	1009	25
1538	46	21
57	501	9
116	78	17
3202	382	202
1071	238	0
1443	3204	9
116	34	67
3205	3206	18
3207	463	21
1146	2467	25
2956	3208	20
877	3209	9
128	1104	120
2798	2127	21
491	1275	46
1357	3210	20
3212	2189	345
275	3213	221
3216	1568	18
3217	1317	18
312	1570	5
3219	795	0
3108	1251	9
1860	1003	10
68	234	265
3221	628	255
12	3224	9
106	3226	98
3227	3228	18
1248	1144	211
1291	12	0
3230	312	0
236	3231	294
3232	3233	18
929	3234	21
3235	235	25
354	8	97
3238	107	51
118	2175	321
1422	3239	25
3240	377	346
3241	1959	52
1541	537	0
3242	915	18
3244	537	0
1209	3245	23
18	2769	61
3247	3248	18
3250	3251	18
3252	17	0
795	3254	347
3255	3256	10
877	1145	348
3259	1043	21
29	3262	90
3263	3220	52
116	1437	9
631	3265	20
116	3266	80
3267	236	25
3268	3269	208
312	27	102
2373	19	25
3270	3233	18
312	3271	241
395	3272	145
111	3274	21
3278	116	0
2296	3283	29
801	3286	18
451	2642	256
312	3287	83
3288	128	0
3159	3289	21
3290	3291	33
532	554	240
348	1144	349
382	3292	9
641	3293	350
656	1742	9
3294	2277	18
109	26	8
2131	3295	25
507	3296	129
3297	3298	21
3300	929	21
3301	12	0
3302	268	0
3303	17	0
128	1089	5
2044	200	20
204	1958	252
3304	1970	0
3082	3305	51
2352	3306	20
3307	3308	23
299	3309	2
3310	1487	21
3311	3312	20
344	537	0
238	3314	207
2548	3317	351
220	1144	23
669	1670	46
3320	3321	25
2765	3322	20
2	1518	138
18	15	97
873	3323	352
2377	12	0
68	611	41
3324	204	0
3325	3326	25
3327	391	0
3329	3330	122
403	3331	14
35	3332	5
4	3334	9
3337	3338	25
3341	3342	18
260	1927	319
936	313	25
2472	105	25
3344	3041	18
3345	3346	10
2563	3347	25
55	3348	98
2897	3351	122
3352	68	0
10	2467	256
682	3353	25
3355	353	73
68	2350	98
3356	451	25
18	1336	353
308	263	131
3358	451	51
1715	544	18
3364	3365	20
3366	1225	33
268	3367	5
3368	3369	21
1894	934	21
65	434	131
3371	312	0
17	3303	31
3313	3373	33
611	3374	327
3376	3377	25
3378	3379	6
268	3380	9
4	3381	9
118	1372	16
34	377	49
125	599	31
3383	3384	14
3385	3386	18
109	15	103
3387	3388	18
507	3389	20
3006	313	290
2506	2604	18
275	3392	221
388	3393	122
3394	3395	14
104	304	25
868	3399	59
1634	1485	25
419	3400	5
3402	1532	21
312	2776	49
3403	3404	21
4	1706	96
1699	312	25
2939	116	0
537	451	202
3409	3410	25
449	3414	20
68	550	331
445	236	25
929	3416	21
116	517	221
4	425	307
3417	3418	227
2463	3419	4
1922	3420	21
1241	3421	9
3424	3425	18
585	3426	145
116	2371	9
3429	3361	21
197	3430	20
3354	1305	18
3431	12	0
34	116	11
3021	2293	21
86	12	0
1574	264	9
3095	2701	18
2135	3433	14
3434	125	0
3436	268	0
1614	2896	25
1614	3437	20
2316	3438	10
3439	17	0
55	3444	121
3448	12	25
29	3449	354
3450	118	181
3452	3079	18
12	3454	287
34	422	9
15	3455	46
128	12	355
3456	71	25
1842	562	356
820	3458	88
3459	451	0
267	3461	252
238	3462	9
2404	391	0
3465	3466	18
10	3467	210
3468	391	0
2555	3469	20
238	1562	357
3470	128	0
2532	2636	21
3473	1246	18
275	60	43
3475	273	6
27	3476	180
2109	3477	21
34	3480	277
4	22	286
3481	3482	18
35	1939	159
3484	391	0
238	795	80
3486	3072	18
1613	3487	31
22	3013	9
3030	3488	18
1855	3489	216
27	3490	22
3491	3492	18
236	3493	5
2021	3419	112
14	3495	18
18	994	61
3333	1309	21
873	3496	46
1538	2127	21
128	3498	5
204	500	8
408	15	57
3499	2258	280
3500	3340	18
204	2645	358
877	404	49
17	1803	17
312	3503	180
267	3504	119
3505	3506	223
491	1652	29
3507	3508	21
3509	34	0
3510	1026	18
395	3272	15
3514	2805	25
3515	1928	13
2022	1914	20
34	3517	359
1484	3518	9
2749	3520	20
1480	3522	20
3525	238	360
2486	3526	44
118	439	46
3531	3532	18
3533	811	0
306	230	25
17	2196	31
125	660	34
1486	3536	21
22	81	361
10	2241	362
3538	3539	90
29	3540	162
1309	3542	21
3543	416	0
395	1416	17
312	3544	11
3147	12	0
3545	3546	9
3354	3547	21
3548	3549	21
3550	128	0
3552	3553	21
2504	312	363
2905	3555	9
1243	3556	21
795	3557	31
3558	12	0
877	2521	364
3299	3559	20
116	2770	9
994	19	46
68	2727	36
1899	2014	21
3564	3565	13
3366	3567	33
2	113	62
313	3568	257
2507	3569	20
1621	3570	25
34	78	57
3571	3432	21
3573	3574	18
2871	3575	21
57	261	17
113	35	78
1799	3578	20
469	3579	21
3580	1511	21
3581	3582	69
3584	17	0
382	3586	9
1914	3587	9
3344	3040	33
1316	3589	18
3590	509	6
1655	312	0
314	191	25
1872	34	25
3401	3592	56
116	3593	80
37	3595	21
3597	2764	20
3362	2071	25
3263	3598	18
3599	3600	21
46	3601	21
4	1064	365
3602	3603	9
3604	128	0
3446	313	23
2856	213	18
265	15	6
3608	3609	9
537	823	9
1400	3611	21
3612	3613	21
10	3614	366
425	3615	9
3616	3617	0
3618	3619	18
1374	2467	25
439	3620	9
3121	3621	122
3623	3624	18
3625	3626	18
3070	105	25
2696	660	59
29	3627	224
1431	3629	9
490	1576	9
3631	2822	21
118	3632	46
348	3633	84
421	2804	17
1624	3635	21
3119	3636	20
18	951	90
113	1863	9
2614	3637	18
128	445	367
267	3641	4
3145	1024	51
763	3645	227
116	1704	244
113	3395	9
425	1295	44
2256	3156	23
65	1220	9
3647	68	0
3648	3649	14
34	60	146
3651	2031	13
22	3652	9
2300	3653	13
253	3654	18
1343	3655	21
1959	3657	368
1749	3658	18
239	1945	18
2291	12	0
68	3659	223
18	3661	40
451	3662	146
611	530	309
1089	1462	33
3663	3664	46
3665	3666	20
3667	128	0
116	2029	36
12	236	192
2441	3619	18
778	1005	21
3673	3674	14
3676	116	0
1124	404	25
2215	68	0
3677	3678	13
1855	3679	216
3681	1770	23
3684	659	21
946	641	56
408	15	17
29	3192	5
55	348	369
3686	3687	370
230	286	46
554	3688	371
10	3689	320
3085	65	0
3690	400	168
18	15	17
3691	116	0
55	3692	17
2276	990	18
3694	93	21
1833	1687	25
388	3696	21
1947	2244	25
1282	2825	324
2636	3698	21
34	204	8
2007	873	23
3700	734	21
68	11	4
1168	395	0
18	15	57
3703	2846	9
1894	1860	21
313	1220	9
1885	1411	0
1090	3704	46
12	3705	372
3707	3708	18
260	113	156
2463	1682	373
3714	474	18
22	1409	9
3715	3716	6
877	1435	200
1900	2015	21
373	3719	154
3720	3721	35
3560	3722	25
3723	3495	18
3724	3725	21
3726	321	374
3727	387	59
3728	3729	18
2857	3730	18
1425	230	52
2595	3731	25
2797	3729	18
3581	234	0
796	795	0
3733	3192	21
2602	3736	9
134	1336	375
3729	3738	20
354	531	103
227	128	0
3741	391	0
3742	2876	18
57	3743	9
382	3744	66
2767	1144	376
354	1122	179
18	2149	41
3746	650	21
382	3747	44
3748	2224	122
3749	2135	14
3750	532	0
12	3558	31
3752	404	56
3686	3753	377
2316	3754	10
3755	3756	21
3481	3757	10
3758	307	378
1202	3760	97
1524	3365	20
2628	3763	25
3766	1952	20
854	118	25
3767	3768	6
1219	3769	20
3772	3773	21
113	3774	9
35	3776	159
22	3777	9
1	2227	320
3779	3780	14
118	3781	15
1258	423	0
1732	3782	13
4	3308	46
222	3784	48
2693	312	0
3787	268	0
3788	236	25
2242	3790	25
3229	148	21
116	2808	17
460	1605	90
511	2022	379
40	3792	13
946	641	25
55	3795	5
113	35	380
3797	3798	21
3799	2907	21
396	422	9
59	2768	33
550	3800	25
10	313	66
113	3802	328
3803	35	155
611	985	9
3803	2399	5
3074	128	0
2132	692	21
3804	2604	18
68	3805	17
382	3806	381
118	2529	382
2287	811	0
3808	17	0
18	1134	291
3809	3810	18
3811	17	52
3812	391	0
313	3814	383
68	1235	17
4	3815	5
1114	3817	14
416	3818	36
1435	434	46
532	27	102
10	180	192
12	2352	46
1876	3825	88
115	3826	33
1962	3827	21
3828	1648	25
3830	3831	21
3832	1657	9
2449	3835	18
116	3836	9
3837	3838	20
3840	736	9
3841	1567	14
3842	3843	18
3846	1144	52
118	2051	49
946	3848	20
957	3850	5
312	3371	82
55	3852	384
884	3853	21
29	1844	28
267	3855	385
57	3856	212
2073	320	0
2548	2113	9
3857	736	9
1351	2237	21
1336	3859	90
930	734	21
749	146	18
3863	3864	14
395	3366	5
425	3464	46
18	404	80
65	1605	17
4	743	49
116	267	202
392	354	78
12	739	15
2906	2594	52
314	1616	25
3212	3828	345
1053	2606	21
2316	2064	21
322	2876	18
34	1527	121
3868	1	0
3869	353	73
2464	3419	386
3871	3372	21
57	3873	5
3874	2551	9
1989	3738	20
354	1119	253
3006	308	290
3876	1561	18
10	180	387
3880	667	90
275	1958	252
3542	3881	21
2313	803	21
3882	3883	56
3885	908	21
238	3886	9
134	3887	388
3888	128	0
3889	3890	18
2833	3892	18
2229	3895	21
3232	3270	21
128	236	41
5	3897	20
118	3898	389
118	3899	273
587	2181	9
3097	116	25
1453	3900	21
4	3901	97
2362	3902	20
1877	4	0
3903	1785	33
29	1833	293
3904	3905	168
1144	118	202
3549	3908	21
2092	935	10
118	3910	184
2905	3911	25
3912	2865	25
1431	393	390
3090	3914	20
2975	3915	18
3916	3917	13
3919	3920	9
312	3706	65
134	1336	90
3473	3311	112
238	2192	17
3922	2756	10
491	3504	119
3923	3924	10
113	3925	184
2821	3011	10
236	273	391
215	2239	25
3828	2190	90
22	3928	9
1938	1115	20
3930	3931	18
238	3276	88
18	1492	75
2132	675	21
162	35	23
354	1119	35
55	2484	5
1857	1157	20
230	667	186
3942	3943	168
3657	230	25
238	3944	5
395	452	61
1741	116	0
10	2011	268
1895	2064	21
3325	184	392
3481	261	6
1248	228	181
3948	3949	18
128	3950	5
3951	1209	21
1855	3952	216
113	3953	9
3606	3955	20
1063	3800	25
3957	3958	21
2451	3959	20
3255	3960	122
118	3962	46
1130	3249	46
3963	204	0
299	3964	46
3965	3966	9
3967	621	56
293	258	21
2445	3971	20
3972	12	0
320	3973	393
68	180	61
3974	3975	21
472	3976	25
1821	3977	20
508	1530	5
194	3979	25
3981	2754	59
3982	3983	9
3164	1772	18
2549	3985	20
382	3986	9
3987	3988	23
3989	113	59
312	1121	178
3453	3991	51
3992	3993	18
204	2718	348
1144	3768	118
1512	3995	59
532	817	135
3997	1791	21
3998	3491	21
1626	3597	23
2313	2832	21
4001	2999	18
4002	4003	21
1660	268	0
873	4005	215
812	3015	25
3865	2475	21
68	4010	50
615	109	0
4012	739	25
118	1546	294
416	1478	17
2971	12	0
1658	4015	13
12	4016	9
4017	2173	33
74	116	0
2199	4022	20
4023	39	21
607	4025	18
3965	15	90
3772	4026	21
348	1144	394
4029	268	0
627	3357	9
4030	4031	20
4034	128	0
193	2334	90
2836	4037	21
3976	73	9
348	785	255
236	12	11
4038	4039	21
3062	4040	25
12	739	233
4041	537	0
267	231	46
2362	4042	25
12	4043	46
1468	3419	112
267	2612	305
1164	4047	20
4049	4050	20
29	1144	202
427	4051	70
1138	312	0
1224	3567	33
10	727	370
4053	12	0
4054	4055	20
65	3088	395
312	4056	9
12	4057	109
4059	3494	9
4060	935	10
328	4062	25
267	286	46
2571	4	0
3798	4063	21
4065	4066	18
2386	12	0
4067	2601	18
18	1346	4
18	4068	4
22	97	396
1664	395	52
4069	12	0
4070	4071	397
68	1640	198
4072	3293	6
4073	4074	188
12	4075	109
936	4076	20
35	4077	5
4079	2071	25
106	2157	254
12	4081	212
57	4082	398
4083	128	0
155	4084	70
1024	4085	9
113	4086	9
4088	404	51
1173	4090	18
2310	4092	20
320	4094	399
4096	391	0
308	530	400
4098	4099	14
4100	4101	68
4104	3176	18
4106	299	52
4	415	43
4107	268	0
4019	4108	20
4109	12	0
4111	65	25
461	4112	20
4113	391	0
348	4114	401
57	3207	294
2960	4116	21
532	4019	356
260	4117	145
18	2207	40
920	34	0
3256	4119	122
419	4120	5
2054	4121	18
532	4123	9
4124	844	168
408	4125	8
4126	3420	21
12	3571	5
18	1447	402
4127	2949	10
369	4128	21
4036	4130	168
4131	4132	9
3765	4133	9
57	2574	71
1892	4134	10
729	806	23
113	4135	1
4136	3188	14
260	1537	212
4138	2532	21
34	2852	8
895	4140	20
4	4141	84
1	4142	50
4145	962	18
1982	4147	20
727	2690	403
4150	84	18
4151	3089	18
3362	4152	20
3572	4024	20
4153	4154	20
2	125	68
40	4155	10
2892	4156	25
2660	861	21
27	4157	80
2002	873	52
4159	128	0
12	1770	34
4160	109	61
2805	4161	9
18	527	40
2637	4162	168
35	4163	61
2382	2701	18
867	4166	9
4168	4169	25
12	739	145
4170	508	25
308	3800	55
260	3382	9
795	1858	5
794	925	6
1	2228	320
2168	204	0
3757	4174	13
3547	1969	21
12	1418	9
4176	873	52
34	4177	159
1640	4178	227
704	34	0
29	4179	93
1144	2340	404
369	4180	21
236	4182	405
4183	27	25
3449	4184	20
4185	140	18
3505	1416	17
2518	55	23
68	4186	80
18	65	11
1718	4187	13
238	1091	353
3965	2918	9
2014	4188	21
4189	4190	21
3625	777	18
1702	2075	73
238	4192	9
238	1485	176
4060	2141	10
1325	3703	18
547	4195	18
35	4196	5
2548	12	5
204	1035	103
3745	532	0
57	3778	159
354	2803	319
3042	4199	21
1979	4200	59
3237	12	0
1615	4203	20
4204	368	10
3029	4205	13
4207	17	0
2176	2150	5
2076	4208	9
29	4209	131
65	2591	192
944	1035	20
1333	2191	18
2882	3089	18
15	1336	46
2658	267	25
12	4211	5
4212	1608	21
4213	84	18
2352	4214	25
35	4058	5
219	2480	51
4215	1520	21
29	2987	224
1613	3183	264
3836	4216	20
230	1275	46
27	3544	11
828	627	90
2645	204	0
4218	4157	18
2473	4219	20
4220	313	23
65	4221	153
4223	204	0
4224	3771	21
845	4225	21
68	1382	294
116	3646	31
2020	34	0
1047	4227	21
4228	4229	14
35	2514	98
4230	571	21
12	4231	46
4232	4233	33
3487	1037	0
2254	4234	6
2190	4235	25
2526	173	21
3551	4238	20
18	1985	406
65	15	68
2684	1305	18
268	4239	109
1768	4240	20
118	4242	407
3408	4243	20
260	1122	179
1591	1504	21
2092	2064	21
4244	4245	9
3896	623	21
404	1340	46
4246	4247	21
714	4249	18
18	189	144
4241	2087	20
116	4079	408
3084	17	0
4251	65	52
3800	4252	9
4082	4253	18
1806	4254	25
4255	213	18
3474	4258	52
29	4259	409
204	4260	96
4261	3595	21
92	3958	21
934	3438	10
29	4265	32
5	4266	25
238	913	64
4267	4268	13
4269	29	0
4270	276	21
2006	4271	25
1764	1854	0
60	4273	25
268	4274	5
12	128	8
3483	4275	20
4277	128	0
4278	4279	25
2519	12	0
877	2164	410
2002	4280	21
68	10	411
1356	877	412
2514	4281	20
435	12	25
2572	451	0
2660	268	0
4049	2415	46
4283	4284	18
204	4285	413
68	4287	5
2210	2087	25
4288	2015	33
4289	1617	236
113	4028	9
4260	4290	25
4291	4292	20
4294	4295	9
3085	4296	18
3605	4297	90
464	3053	33
3685	4299	20
575	3251	18
3549	3583	21
4301	4302	9
65	109	43
675	693	21
4304	2958	21
4305	4306	21
3216	2798	21
1743	4307	25
4308	4309	368
546	4310	46
4311	2153	112
3682	1266	112
1782	4315	414
1339	2366	9
3521	1011	9
778	3018	21
1855	4317	70
313	180	415
4239	230	25
125	113	230
4318	4319	52
382	4321	152
4060	2423	10
3448	3284	9
4325	57	59
2730	2810	18
4327	12	0
4126	4331	21
238	328	405
4332	4333	44
113	125	380
1144	4000	9
382	4336	416
878	128	0
4338	116	0
57	1370	43
425	4340	46
1658	4343	10
1394	4344	20
65	26	417
1412	1411	0
4347	4348	9
18	15	314
1801	3312	25
1491	12	0
4351	12	52
298	4353	20
29	422	9
499	4354	20
2	4355	16
4356	17	0
57	921	418
4357	2266	122
57	4358	98
486	4360	122
581	4363	18
27	554	85
57	4365	419
743	1803	90
4366	2805	90
308	2776	245
232	4367	18
4368	4369	21
1060	4370	14
4372	3134	10
3711	304	311
404	814	46
260	1370	68
3432	4374	21
4375	116	0
4376	1336	51
4378	4379	13
340	1005	21
3325	4380	25
320	4381	80
3026	1389	227
2473	2994	46
4383	4384	59
57	35	212
1521	34	0
2210	118	25
386	1785	33
4064	238	0
179	1	0
27	2162	420
12	3934	9
1270	27	25
778	3827	21
2220	2978	21
3170	4389	20
118	1687	46
18	4391	40
4393	12	25
4394	822	24
124	439	46
877	18	22
4395	17	0
4396	4397	21
1588	65	0
877	618	46
4398	4399	421
537	452	263
416	4400	9
2411	4401	21
382	22	11
3450	1144	181
4404	1758	18
4075	236	25
4405	204	0
2472	3321	25
364	4408	21
1823	4409	14
275	4410	221
1124	877	25
1713	4413	20
4411	942	69
2374	537	23
4418	2944	422
656	4419	9
762	4236	33
4032	2266	122
505	4421	20
4423	4424	13
1383	3651	21
4425	4426	20
12	3431	5
1379	312	0
3135	2177	21
312	3961	205
1672	2681	13
3710	469	33
4428	4429	0
1790	4377	21
312	304	370
2110	4431	21
4433	12	0
4435	159	90
3319	1643	122
4436	2176	23
34	78	423
1435	4438	137
4439	4440	10
4443	4444	20
960	4445	46
35	336	5
815	4446	25
2970	4447	21
109	422	9
722	4449	21
4451	416	0
4453	4454	46
3315	12	0
3202	641	68
719	128	0
3405	1756	59
18	1046	9
4459	3736	9
4460	4305	21
2958	4305	21
3686	3687	424
3753	2239	25
4464	629	118
765	4465	9
116	321	61
4466	4343	10
1404	2953	20
2316	2423	10
1256	537	52
4467	12	0
1537	4469	25
3215	1513	21
10	2467	425
1571	2176	25
29	4472	426
2809	1	0
238	4170	131
566	4474	20
4111	1435	25
537	4475	31
1119	113	25
4477	4478	216
128	4479	120
2083	234	0
55	2804	17
4481	2715	18
249	4482	20
2295	4483	9
4466	368	10
4484	4485	18
1146	1951	90
12	151	127
106	29	427
4168	4486	20
4487	4488	18
153	4490	18
2487	275	0
4491	12	0
4	946	256
4492	29	23
4493	4494	20
893	2799	21
4495	1144	25
128	1220	9
2636	3599	21
2370	4496	21
4497	4498	20
4057	236	25
3948	65	0
1243	3601	21
4	1170	80
4502	3616	227
2146	304	25
18	2054	40
10	1470	254
39	1545	18
56	4504	20
408	335	17
4505	4506	20
4508	460	20
4509	4510	21
4511	68	0
68	4513	31
4514	2443	21
4515	4516	9
29	4517	16
408	3410	97
1624	4518	21
4520	4521	25
118	1144	154
116	3657	288
1525	234	0
1323	1856	46
419	4522	264
1	313	428
2278	4523	168
4524	2703	59
532	4024	166
3369	3034	21
1043	2782	21
2830	4527	90
12	4529	9
4230	4533	21
3538	4535	90
128	831	5
4536	4537	9
877	511	46
2237	2236	21
2408	2770	20
4542	12	0
781	4545	9
4288	4188	33
4420	2938	20
4547	532	23
4548	4549	20
4543	537	0
348	55	429
34	4550	88
4404	1021	6
116	1183	184
241	12	25
4105	3813	21
4196	2711	51
2477	4553	73
1202	321	68
3202	1397	352
4554	3513	9
2286	4555	9
2868	146	18
35	660	28
55	4032	5
3235	4557	20
238	604	64
3876	1560	21
29	4558	30
4559	116	23
641	4560	88
55	1310	75
4563	4564	13
39	4155	10
4566	4567	21
491	526	430
4568	293	21
919	483	90
744	116	25
4569	4570	33
4173	2115	21
721	4075	431
408	404	80
113	2013	9
606	4572	25
260	1119	35
4574	627	188
2207	4575	18
993	4576	18
238	609	82
1476	234	0
116	4577	9
3821	642	21
320	4094	90
1411	4080	5
4580	4	0
27	4581	356
1450	109	216
4582	29	23
794	4583	13
3061	4584	14
22	507	317
3728	3678	13
3253	128	0
1495	2794	432
15	3441	46
4588	4589	9
4590	312	25
238	4591	5
34	4592	8
4594	17	0
3882	4595	56
4596	34	0
603	2246	21
4597	4	0
4599	697	18
3454	4600	20
419	1714	5
4602	4603	20
1	4604	320
27	2717	80
204	4606	181
4607	204	0
2978	4608	122
57	724	9
4610	625	18
4326	795	0
238	1743	433
4615	4616	20
1077	545	33
3473	4617	18
3997	3034	21
810	1648	6
174	27	0
453	4618	25
354	113	156
85	4619	18
4535	4620	20
4621	204	0
4622	4623	20
4624	4625	0
1980	3676	21
4628	4629	18
4631	693	21
1946	4632	18
2704	128	0
4	378	208
4634	537	52
3128	4636	20
2225	22	52
627	4457	46
210	1794	18
4639	385	0
252	1556	17
4640	1626	59
34	4641	9
313	4642	189
4644	116	0
1860	3438	10
55	4647	98
2229	4649	21
2194	467	9
2001	4651	20
1202	4652	5
3677	3729	18
4111	4653	49
2	1537	212
4655	1628	14
113	57	121
2308	4656	20
204	513	434
116	4657	9
4049	2347	46
2229	2715	18
4658	4150	21
451	3161	9
1836	180	435
1141	1980	21
1010	3849	29
1144	2805	17
744	4660	20
4661	3004	6
499	4663	25
1443	4664	9
841	4665	6
1552	34	0
2917	3506	28
4247	4666	21
34	267	436
4667	3872	21
3850	3225	21
12	4668	46
993	4669	18
1818	2089	25
4673	238	25
3021	1956	23
4674	4675	21
65	1070	5
4677	4335	18
445	4678	20
35	916	437
4680	4681	18
55	4682	294
4684	4685	21
128	4687	233
865	1107	33
532	4690	8
4645	4692	21
2416	2829	14
3261	4694	18
22	96	22
4697	4698	21
4699	34	0
382	3202	328
10	4700	75
1869	34	0
116	4702	207
184	437	9
603	4703	18
4704	101	0
3217	3589	18
267	2539	9
1077	3567	33
4100	1147	130
4556	3142	18
585	2805	25
4706	321	20
116	230	438
1435	4707	60
4708	391	0
4709	18	0
1123	4710	21
4621	4711	59
2756	4712	10
12	2465	5
3108	4713	20
238	3065	273
1187	4714	59
118	4715	348
4716	238	25
535	4718	10
4719	74	10
1443	736	9
4720	4721	18
99	4722	168
451	452	86
57	462	294
1971	353	73
546	3125	216
4724	128	0
2608	4725	10
113	4726	5
2055	1145	52
29	4727	80
783	873	23
628	1144	403
4063	2760	6
87	4729	18
4730	915	18
4734	2429	112
4736	238	25
68	2512	92
4	17	283
929	1032	21
142	4738	18
1243	456	21
451	422	9
4170	12	25
4741	2258	280
22	2906	325
117	4743	20
1999	4745	21
4746	68	0
4747	3337	90
238	3032	31
957	873	439
116	422	9
3537	65	52
2548	1269	440
382	946	441
3887	3752	25
2728	4748	20
946	4749	442
327	2703	18
890	955	10
1342	204	52
12	253	5
644	4750	25
1414	140	18
408	4751	80
3143	1165	21
3850	4753	21
1895	935	10
4276	1856	70
4754	4755	21
1300	4756	25
4757	391	0
260	921	68
900	4758	227
4759	314	90
354	921	68
4762	4763	115
1	235	17
4626	965	18
4765	4766	59
65	3249	8
242	4767	5
2231	27	0
4209	4769	20
113	4014	443
2917	4770	9
4082	4771	18
4	2121	9
151	4772	25
4773	4629	18
1587	4774	18
4775	116	0
2496	4776	21
2615	4777	20
10	304	444
4287	68	0
128	238	240
4778	4779	168
4	563	9
817	4780	20
118	4781	221
3921	236	25
492	4782	49
4783	4468	106
4784	2734	9
508	2896	17
3447	4785	13
2478	4786	46
4193	2431	0
313	4789	46
288	4790	122
55	1294	40
128	4791	209
57	4793	445
4794	12	0
128	4540	5
2307	2067	21
4795	4796	18
4797	4798	25
2316	1003	10
22	3719	98
1807	31	21
4734	732	18
2819	4800	25
4801	627	90
4802	4803	20
4805	1950	10
2421	1397	51
12	238	37
2164	4807	20
382	641	137
1310	4810	21
4811	1054	112
238	4198	5
4338	347	18
2851	2141	10
3164	3708	18
4819	2359	20
35	4820	5
4821	2466	18
4320	4822	33
4824	4825	9
2558	65	0
4829	391	0
3016	4830	21
4831	34	0
113	2539	9
2917	1604	4
4833	1549	6
12	445	100
10	304	370
4026	2387	21
471	4834	446
1144	4835	447
29	4836	153
12	3183	169
4818	4837	20
633	4838	20
1466	4839	0
27	174	80
1904	238	0
57	4545	9
705	34	0
160	12	52
416	507	17
12	2858	5
4845	3783	9
1748	4846	80
4848	1959	52
116	267	438
4640	4849	59
12	1498	5
4850	4851	25
113	4853	46
320	4855	43
12	2649	46
1583	4857	21
4	1837	5
2295	4858	20
91	3819	18
12	238	102
3538	4859	25
606	4860	20
4194	264	9
4861	4862	25
4587	2144	21
3203	4637	21
1791	3035	21
744	4867	9
1649	12	25
3346	2922	21
4245	4868	14
3085	4869	18
3511	1559	6
113	2523	228
1692	4544	23
1035	3649	9
408	494	61
3809	4	0
4103	1011	9
4871	353	73
4552	2918	9
3608	57	25
2100	2402	21
1666	4581	6
2216	4872	18
4873	4	0
537	1416	146
2184	691	227
1935	258	21
2488	1592	21
4876	4016	9
2772	4878	18
3672	140	18
964	2004	18
3663	4879	46
929	2406	21
4598	4499	21
4880	4881	9
1551	204	0
4883	368	10
551	261	6
55	348	11
29	4885	448
4886	641	51
116	4887	9
238	4888	5
4890	2950	21
169	3661	21
841	4891	18
54	822	24
4892	4566	33
260	1011	9
508	4893	5
2059	4434	21
781	4895	449
305	4452	63
1826	509	6
18	3793	40
4898	4899	227
4900	3511	21
1289	1017	145
4	4904	82
537	4905	406
29	4209	450
865	720	21
4907	3502	168
1186	4153	6
1718	4908	18
1959	708	368
4532	116	0
1776	4909	25
3049	4910	14
1834	3107	8
238	4911	5
2962	4912	25
421	4915	98
521	4916	20
10	707	451
572	691	227
4919	4920	18
18	4751	80
1797	4	0
29	1789	9
4923	4924	18
1860	3754	10
379	4925	20
4926	4927	9
68	234	270
2777	4928	20
18	4125	8
106	952	252
2851	3754	10
3538	4930	20
778	1685	21
3184	4933	25
2593	84	18
4938	2010	21
3707	1772	18
2373	4939	20
4940	736	9
1958	1704	25
1273	4437	59
835	4903	59
611	4942	452
12	4943	9
3192	29	0
3958	659	21
29	4944	453
65	19	254
3937	4946	126
4947	2969	21
1139	4949	122
4950	204	0
125	2413	75
267	2461	9
1058	4953	25
198	128	0
1935	2562	21
801	4954	51
204	1254	68
708	4955	20
834	434	84
18	3409	61
491	286	46
4958	393	454
1043	4959	21
55	2226	138
4960	4961	20
103	822	24
1900	4188	21
4962	4963	20
3607	439	13
412	4	0
505	113	25
131	84	18
3102	4968	20
136	4969	18
390	4970	33
4971	4264	14
1432	204	0
721	928	228
2003	965	18
3891	4501	18
2251	268	0
4976	4977	18
4978	4979	20
688	4980	207
2313	4982	21
4849	2859	21
29	3871	224
4060	4984	10
4597	3828	6
68	180	1
109	2551	9
3741	4985	13
4970	2300	122
1461	4986	21
2127	3556	21
3940	4988	18
551	1730	18
4990	34	0
2553	312	0
2640	4108	25
4993	4994	21
4995	204	0
449	349	25
4997	27	52
3152	3257	23
764	929	21
4998	3800	59
4999	34	0
2623	116	0
238	3183	169
1565	5001	21
5002	1011	9
1004	1685	21
1663	451	52
4574	1549	188
5004	34	25
3753	5006	20
2465	12	0
34	204	11
1261	65	52
4192	5010	20
299	3976	80
5012	5013	18
2767	5014	20
450	5015	18
4459	5017	20
3359	4266	25
2872	5018	18
1422	5020	20
10	3596	46
4519	15	25
416	5021	88
1361	1144	52
299	451	104
3957	93	21
2052	106	23
312	5024	9
869	84	18
260	1840	5
4077	3257	23
313	180	68
661	15	455
116	735	100
27	5030	9
369	161	21
3121	5031	13
5032	999	90
236	1760	294
17	3170	98
877	4191	332
236	4182	49
602	4505	34
5037	1984	59
451	3017	41
34	5038	17
5008	5039	6
4593	732	18
1575	5040	20
3508	1266	112
5042	5043	25
4283	2140	10
1555	5046	25
5048	5049	21
1959	2427	368
416	2328	9
275	2645	358
238	12	456
2814	5052	14
116	1202	258
34	5053	129
2117	3646	457
12	5056	129
118	5057	46
35	5058	17
5060	5061	20
1620	5062	168
2718	5063	20
1425	5064	21
3367	268	0
5049	5065	13
5066	238	0
802	586	21
55	1701	294
4	425	93
4595	5069	25
3323	5070	20
331	877	25
4222	732	18
34	270	458
582	17	25
994	2418	9
4723	625	18
55	3184	98
5074	128	52
3397	2426	10
1420	235	25
5078	128	0
2	5080	417
876	5081	20
230	1937	250
1461	2743	21
1332	12	0
29	5084	255
1893	5085	25
116	5086	146
1152	416	0
2688	238	25
27	5087	96
236	1600	151
2430	5090	20
5091	915	18
4088	3574	18
2460	5092	21
4257	105	25
395	5093	5
656	2053	9
4725	5095	10
5098	4333	44
3803	4311	5
3954	2999	18
3481	5103	18
3755	907	21
299	4905	233
3070	5107	20
877	2055	332
65	951	192
55	957	121
2445	430	25
5109	3239	20
1766	814	25
890	775	10
113	5110	459
3008	1608	21
778	3099	21
4308	2396	171
4604	391	0
1589	113	25
5112	5113	18
4760	3693	6
5116	5117	20
116	820	460
260	4355	16
4206	5118	18
4160	335	25
3408	12	25
10	313	202
421	2492	292
118	5123	332
128	5124	9
929	733	21
2450	5126	20
4586	17	0
421	2566	461
204	34	461
2	5127	1
22	3042	310
2824	1341	18
5129	1682	23
312	5130	40
1120	5132	20
78	5133	90
5134	5135	6
4820	3729	18
236	565	462
3913	5136	0
4	224	17
3479	12	0
5137	353	73
452	5138	9
5139	5140	10
2768	544	18
275	1183	184
55	5142	463
451	5143	9
236	3059	9
5144	1756	23
2994	5060	25
1550	3176	18
491	495	5
2636	5146	21
1453	113	23
4	3359	29
3067	4555	9
4845	743	90
219	5152	21
669	4	25
1099	27	52
4030	211	9
5154	1465	13
55	5155	98
491	880	97
4127	1305	18
4820	261	6
128	5159	98
4967	1716	21
3575	5160	21
128	236	446
775	2073	10
351	5164	20
4100	113	202
4060	2064	21
34	5165	15
5166	1	0
5167	3619	18
5168	154	18
5169	416	0
116	2808	34
5171	1328	18
29	4269	50
57	5172	5
238	5173	9
238	5175	5
5176	4553	73
15	2734	9
1250	5177	33
3451	2015	21
2047	312	0
873	1833	127
5093	395	0
34	1048	293
1213	4201	21
68	2146	464
4643	3800	25
5178	2237	21
29	4033	321
508	1556	17
425	5180	46
5181	4740	18
1956	2805	25
2201	391	0
375	106	23
1916	1742	9
116	491	438
3020	5183	10
5184	312	0
5185	626	59
5186	128	0
10	304	273
5187	65	25
236	12	102
5189	1767	23
275	4285	413
2517	4372	10
298	354	25
116	5190	80
3947	5192	9
182	452	109
204	5196	41
35	5198	5
3329	68	0
5199	2315	21
5200	732	18
65	2591	34
2054	18	0
2403	5201	9
2162	5202	25
3803	1928	41
2851	3438	10
5205	204	0
627	3025	46
1520	5206	21
874	116	0
2890	4742	122
1203	5208	126
1088	128	0
4978	27	25
4676	5210	13
4602	5212	25
1772	5213	20
5214	537	0
5215	5216	168
1845	2378	6
10	1374	465
4519	4683	9
2	1479	205
3350	625	18
312	5219	9
279	1450	25
5220	128	0
5221	5222	20
2833	2926	18
816	12	0
29	4165	49
2111	2154	33
5227	5228	20
2011	5230	46
4211	12	0
2739	128	0
5231	2177	21
5232	34	0
1785	5233	33
5234	5235	21
3191	1644	21
3536	1921	21
55	1861	36
260	1509	437
2661	268	0
5238	5239	21
3462	4777	20
1144	3816	9
1011	264	14
1145	605	9
354	5127	1
5243	3495	18
55	2566	461
5129	682	51
1211	3754	10
370	404	6
5245	623	21
802	3008	21
1250	5247	33
5248	2701	18
5250	3387	10
312	3878	9
238	128	146
22	382	206
5253	17	0
5255	128	0
2568	753	20
354	5153	9
4846	641	6
2502	12	0
2666	27	0
417	3310	21
4637	34	0
4	471	466
5258	670	13
68	3606	251
5260	765	20
5261	128	0
249	5262	25
1211	3438	10
340	2580	21
1587	5263	18
5185	915	18
1146	5265	20
4652	116	52
2299	1567	9
580	1431	20
2660	2213	21
508	13	20
1478	3375	467
236	273	68
5270	5271	21
5274	2876	18
267	477	94
204	5275	80
354	4117	145
268	2997	5
128	2625	80
12	5279	9
5281	2268	20
2554	5282	13
877	434	60
5287	1035	20
1356	3965	210
1173	2983	18
5288	1395	21
3424	4382	13
2313	3008	21
4037	5291	18
5292	625	18
2190	5294	20
4846	1748	0
1697	5296	13
2495	1045	21
5300	12	0
1553	5301	25
238	1091	97
802	2314	21
963	137	18
113	5303	365
1724	5304	18
1583	2635	21
417	5306	18
978	5307	20
268	1358	9
1719	4528	21
627	1567	9
5309	5310	13
17	5311	36
373	5312	8
116	204	468
57	5174	9
1830	1848	9
348	1144	213
2212	1175	21
511	1184	9
3378	5317	6
241	238	316
27	5320	362
2874	544	18
5321	128	0
3172	5322	9
428	5323	9
949	5324	20
483	5325	20
4896	5326	20
3854	5327	18
12	406	9
611	4205	235
17	471	98
2212	268	0
354	3515	319
540	537	25
3761	5331	20
2174	5333	122
404	1912	9
2598	5334	88
1004	3018	21
5337	5338	9
385	5340	20
5341	65	52
2882	18	0
5241	5342	20
22	5343	9
5345	3794	21
5346	5347	9
3567	546	469
3605	3650	9
4301	5348	20
5349	268	0
5095	5008	10
5350	5351	20
4	4004	80
118	5352	46
3115	128	0
312	5353	8
5290	416	0
681	5356	90
3122	5357	20
348	1144	470
57	700	64
271	5358	20
425	689	9
2537	901	18
2678	5359	18
5361	451	0
1054	5362	25
35	5363	61
5364	4501	18
2212	2661	21
5365	116	0
395	3623	5
710	1047	21
5366	128	0
2016	5368	21
12	1291	5
1401	1865	25
163	5369	20
3526	275	0
4797	5370	20
5266	5372	18
3444	5373	20
4	5374	275
5375	128	0
1721	5376	25
2882	5377	18
2746	5378	112
2644	5379	25
3684	35	0
2198	739	25
1890	3495	18
5381	268	0
65	196	17
12	2785	9
2802	238	471
425	3566	446
535	5384	18
370	2409	21
1423	5386	18
516	5388	122
5389	929	21
2038	5390	18
382	22	102
3803	5392	5
5394	27	0
2674	2664	73
4634	970	13
419	139	5
5397	349	25
3684	2046	21
1895	2317	10
451	452	472
221	4806	9
280	416	0
866	1035	140
4067	4071	18
1970	312	25
4039	5400	21
435	1613	25
17	16	31
3277	2998	21
35	888	5
1244	1177	21
5330	2149	18
5406	128	0
3660	12	0
236	2327	46
5407	5408	18
2054	527	21
3525	5409	20
10	304	464
34	3545	58
242	425	473
5410	4262	6
160	5411	18
238	3525	474
1989	4927	9
2316	4984	10
511	626	191
237	17	0
2746	1	0
4	641	68
3027	5414	168
3933	1305	18
1994	22	0
3828	2190	276
5111	4997	33
594	2560	9
873	5421	475
305	5423	20
2688	2551	9
4063	4897	21
4507	425	25
3773	2387	21
12	4794	5
3282	12	0
5426	128	0
4244	5428	20
884	5429	18
204	268	8
1941	1940	21
5430	39	21
382	197	44
4422	5432	20
5433	312	0
3490	5434	18
18	1336	97
4649	2715	18
5436	1595	18
5437	1336	6
5425	4651	20
4989	5439	33
5440	803	21
1268	34	0
4	5442	323
10	5444	476
1973	795	0
439	5445	9
3483	2762	25
1834	2431	275
370	132	21
5446	4553	73
2548	2652	36
5448	116	0
34	1153	9
5449	238	0
142	1913	21
706	4002	21
22	1478	17
238	5450	82
4691	625	18
2994	877	25
3982	5451	20
3546	5452	25
2223	4390	122
5454	5455	20
861	268	0
2705	5456	477
113	1147	478
3997	4377	21
68	5458	5
508	4330	9
5459	5004	6
5460	152	59
3757	1298	10
4841	5462	20
1117	204	0
1389	12	0
34	5464	479
5465	3014	21
3571	12	0
458	1703	21
76	2227	21
4932	3922	10
3803	5468	5
5029	5470	21
3800	5467	9
34	3456	86
5171	5471	13
4034	5472	115
5473	204	0
656	5475	20
5476	994	106
5477	140	18
1043	4061	21
1	68	240
2329	3991	51
116	4819	29
5479	116	0
5481	213	18
301	5482	18
109	15	130
973	15	51
78	5083	9
1385	1758	18
5484	4386	51
2	3515	319
4567	1894	21
5483	49	18
877	1981	332
2361	3016	21
5487	5488	20
3493	5489	0
2169	4621	21
758	5490	20
2585	2701	18
1148	2380	21
4115	4468	480
93	4883	21
316	1355	481
124	118	25
4701	238	0
2969	3435	21
507	5494	25
18	5498	5
1688	5499	25
1425	267	52
12	903	109
3216	2538	21
5335	213	18
312	2467	257
905	1727	25
873	5503	153
2059	1395	21
1953	3415	21
5504	5131	6
393	5505	482
2594	4	483
5037	474	18
104	3321	25
2265	5508	23
4286	2679	21
4526	5509	25
2961	3872	21
1111	5510	20
3480	34	0
299	1416	49
818	2977	21
57	1508	71
4177	34	0
3332	337	13
631	5515	9
4044	5516	25
55	2492	292
877	5517	84
5518	5519	20
116	2358	29
5520	2392	23
4032	5521	122
4986	2744	21
630	353	73
2924	1332	21
1073	236	25
795	2420	231
1913	5523	21
5527	5528	20
128	5529	484
4026	4996	21
3756	908	21
57	5530	485
3132	236	25
2350	5532	20
416	1478	34
5535	404	25
4	3534	9
3191	1591	21
993	12	0
5538	213	18
654	4054	25
1894	1211	21
2036	5540	25
5541	5542	20
5543	1959	52
1250	391	0
116	275	468
238	5449	5
2617	5545	18
364	3442	21
1122	5546	20
3881	5074	21
5119	1	0
34	4364	192
34	2155	186
5549	5550	33
12	1952	486
34	4596	159
12	5551	36
4531	4703	18
2355	268	0
5553	12	0
5554	419	23
12	4552	131
4	5077	487
608	2142	21
1970	5340	20
4727	5556	20
1179	1685	21
46	3556	21
18	5559	61
4718	535	10
5147	5560	21
2165	118	25
1781	5561	21
4242	5562	25
2348	12	0
273	3592	90
4167	5563	168
12	236	488
125	5564	31
57	2877	9
5566	5567	21
451	3577	9
114	57	25
12	4762	31
2056	984	476
5571	5108	9
2501	350	25
382	1706	203
128	12	171
5572	5573	20
68	1014	152
2106	951	6
5575	5576	21
238	12	489
4401	3203	21
1918	12	0
27	4633	201
3820	109	0
2182	5577	18
29	5229	9
128	5579	5
2011	313	66
128	739	15
438	5583	20
382	1648	139
388	5584	21
1425	4613	21
3137	5585	20
5582	811	0
5114	2209	18
1206	1045	21
27	484	97
4508	501	9
552	27	0
2176	4246	5
4686	1443	18
2175	628	490
2142	116	0
1919	5587	112
4080	1411	0
5151	1024	51
968	1002	9
12	1386	131
4526	5588	20
78	2808	90
236	5589	491
5591	5592	21
1450	65	216
2369	1863	9
5595	385	0
5172	2	52
848	3767	10
346	320	0
128	5597	186
340	3827	21
2801	1286	21
5598	321	68
2082	3528	14
129	1499	33
5440	1607	21
396	4609	9
4463	2913	18
5601	5602	122
271	2846	9
20	68	0
3655	2857	21
125	5058	17
10	4073	273
4294	5603	20
668	474	18
1139	3751	122
22	1901	42
4539	116	0
106	5606	492
18	5607	104
354	57	493
5561	518	21
5136	532	25
268	5610	5
1425	1822	21
795	5611	5
4	22	494
298	2045	25
1922	3176	18
5612	513	20
2	3523	9
34	1180	145
10	27	62
421	2749	181
487	2464	495
5060	877	25
55	5618	50
4034	2419	18
4173	552	21
2346	12	0
3684	4883	21
4565	532	51
10	4314	9
160	4263	21
234	611	41
4566	5623	18
128	885	9
554	5626	211
727	5627	20
4371	619	33
5059	12	0
1529	128	0
882	5629	18
89	1045	21
5064	116	0
18	393	140
3391	34	0
806	27	25
128	185	36
3850	3548	21
208	5631	25
2843	1767	23
1830	1013	25
204	4520	8
5453	421	23
5632	4	0
4151	5633	18
81	5634	20
957	118	181
10	2598	268
391	5340	20
421	4737	98
3650	5636	25
101	29	290
5638	2102	153
57	5639	98
5640	107	51
3360	146	18
312	1467	96
5385	68	0
12	236	226
5645	5646	14
18	195	223
4030	5647	25
3261	2614	21
5649	5119	21
5652	1453	21
238	295	496
3789	349	46
4213	404	6
5440	4982	21
118	873	439
3847	5655	29
118	5656	30
980	627	157
2591	5658	20
3088	18	0
4776	106	23
4640	2859	59
55	5521	5
627	1130	46
5660	474	18
22	946	441
236	5227	46
724	5662	168
5663	125	0
5665	1561	18
34	1819	497
113	264	9
3551	2239	25
5666	12	0
354	113	173
611	530	498
35	551	5
2638	150	18
5612	116	25
35	5667	5
18	408	323
2548	5051	499
435	1556	317
3837	1144	25
2800	5670	9
12	2502	5
3345	1844	51
4178	5672	13
1794	5673	25
711	84	18
5161	5677	18
4012	5679	20
3803	5681	41
5682	3807	18
3090	109	25
851	876	500
3793	18	0
2054	2208	18
4502	1148	115
1605	437	9
5685	5686	25
5687	180	6
2534	12	0
3114	537	0
801	4442	18
1639	1951	51
5690	17	0
3646	116	0
104	5691	20
4645	27	0
1859	795	0
841	5019	18
3803	2	446
5694	65	52
313	5696	5
3067	5217	20
204	1254	17
4919	204	0
4288	3113	6
2869	1879	13
4	5698	32
204	5700	5
3788	2791	9
2009	2171	25
5702	5703	14
29	948	5
5197	3439	21
877	4960	98
113	5705	61
597	2761	44
5614	5706	20
3889	532	0
5707	77	18
5600	5710	21
18	2772	40
68	235	43
1745	5713	20
5407	5493	18
1649	5714	20
369	5715	21
5716	5717	25
775	2732	10
2883	2359	20
1689	3617	0
5560	5720	18
5721	627	90
57	5722	421
2934	26	13
312	4548	425
1258	5723	13
5148	660	59
5710	625	18
113	5724	9
2538	2127	21
3238	3119	18
369	2586	21
4224	5726	18
275	1254	17
55	5727	463
3313	1187	59
3556	457	21
451	3459	31
1624	5728	21
121	416	0
4882	3784	25
457	5730	21
5731	842	9
4901	5732	18
5734	312	0
5735	474	18
2614	12	0
2851	2064	21
238	128	80
238	128	501
5421	560	18
204	34	502
1202	2808	34
5739	1228	18
5592	5741	21
236	3454	503
5742	68	51
5745	162	21
2249	116	0
5187	1986	25
1222	204	0
1004	3099	21
527	169	21
1144	5747	46
5748	128	0
2188	5749	13
109	15	90
1238	128	0
242	5752	5
5155	2132	21
1583	2532	21
250	5756	21
5758	1520	21
5759	3336	14
3709	668	21
106	4145	5
3472	1855	25
4	4585	504
3081	5761	14
5763	101	0
115	4514	21
5769	5770	14
2527	2717	21
933	5771	21
2478	5195	202
392	2	44
3824	34	0
682	5772	20
5773	1252	21
2625	5774	20
5570	5545	18
5387	3029	21
1133	3658	18
5283	12	0
4857	2636	21
5779	5780	505
5781	5782	21
5784	1305	18
1082	236	25
1769	312	0
5785	5786	13
3011	4689	21
57	1437	9
5620	3351	21
682	2918	9
4604	2806	21
5421	873	0
4222	4670	59
1870	5791	25
5159	4772	25
652	5298	34
5796	1411	52
4905	5792	9
3168	639	21
68	304	230
491	1409	9
10	5798	9
3698	3600	21
5799	2986	59
1085	2653	33
3642	627	25
934	2064	21
29	5801	90
1492	5023	9
5802	2962	59
2930	4312	9
2768	15	506
1378	312	0
4705	204	0
152	5803	20
113	5128	9
299	1090	296
128	430	8
1785	3378	33
877	626	84
268	574	5
3245	5804	25
4403	1012	66
674	5806	18
1191	5809	9
4948	146	18
12	4763	31
1546	4889	9
5810	4360	122
230	667	97
3642	828	20
5811	2660	21
238	5299	299
34	379	8
3246	68	0
238	5814	204
88	2495	21
68	5815	5
57	2452	221
354	5816	507
2801	320	0
5819	3871	21
275	4955	107
3222	162	21
29	3514	17
4673	5822	20
93	4320	10
238	739	109
1578	625	18
4951	537	0
5092	2719	21
5827	204	0
1876	5829	20
299	1090	406
5830	3072	18
260	5831	138
1860	4984	10
3177	3333	21
4652	5832	0
1225	5833	13
65	877	275
3696	3595	21
877	3410	97
5834	400	126
128	236	211
5836	118	25
4454	513	20
1089	128	0
34	5837	508
1793	5838	13
532	27	283
113	978	98
5839	1550	10
4626	2004	18
5840	811	0
4817	204	0
1588	3343	122
5144	5676	21
1531	5843	18
3980	27	0
5845	1465	13
1893	5846	20
12	3026	83
65	584	9
5847	391	0
260	5153	9
532	5848	273
4	1010	167
1726	5737	59
1729	3729	18
2150	503	21
4	4525	320
1241	27	25
5609	12	0
113	6	509
1149	140	18
4938	312	0
3238	5849	18
2851	2317	10
2402	5852	21
4364	5854	20
3348	5855	20
4233	5856	33
116	4375	221
5568	1913	21
4239	4254	25
1071	5599	18
5857	5013	18
3310	3536	21
2157	501	9
806	5861	20
113	5862	9
537	1938	68
126	5663	33
5116	5864	25
3416	734	21
4551	116	0
3216	5868	18
2925	5869	18
5870	5871	13
5872	5873	13
128	1615	186
312	5874	145
1076	5875	9
298	5876	25
312	2776	252
4369	957	23
5877	267	202
2346	4449	21
4416	544	18
5111	5879	21
2678	1472	122
1227	5394	33
34	3461	252
57	113	104
5116	1035	90
2284	4653	6
2530	204	0
873	107	17
1577	299	25
2049	1406	13
3317	128	0
268	3256	5
5889	246	14
113	819	9
3958	2046	21
2597	5890	18
27	312	102
494	5891	20
3809	804	18
1834	299	41
4209	3073	25
35	5893	159
3216	1538	21
57	1810	510
5882	5896	122
5641	1366	14
1900	5733	21
562	5899	20
1255	5900	20
958	5901	21
118	5903	9
1077	1225	33
3582	180	90
4309	5907	20
242	5908	20
382	5909	35
460	15	56
3933	5007	13
113	3665	511
4455	1695	18
312	2012	46
3761	5911	25
113	5912	5
1403	5913	14
2851	2423	10
5463	5914	90
4767	242	0
2749	1144	25
4	1287	31
3732	128	0
1827	5918	25
5659	423	0
5790	742	13
3186	627	90
1008	5919	18
1956	5920	20
12	4109	5
2435	260	25
1204	42	24
2474	5511	21
4643	5922	20
68	5878	80
3014	17	0
2824	5923	18
238	2136	512
2911	1024	51
4454	5864	25
4569	128	0
795	4291	473
1871	5925	25
5927	34	0
12	5928	146
313	5474	9
1179	2580	21
2434	2518	21
5931	128	0
3323	3353	25
2700	4941	21
5932	34	0
5933	416	0
1285	320	0
3729	5934	25
320	5936	9
2	4117	145
1145	393	43
3623	395	0
773	1758	18
5938	1478	6
5939	5940	10
57	5941	274
1762	234	0
260	5127	1
5943	469	33
116	2446	36
2987	1334	18
2084	5944	25
34	267	102
267	443	89
1441	5946	18
590	5948	20
3420	4104	33
5950	4283	115
35	1729	5
5729	34	0
69	5951	20
118	2157	254
4476	4752	18
3844	5953	126
2540	5954	20
157	128	0
5955	3549	21
275	5956	107
27	5957	303
3948	4091	115
4883	549	10
2618	1475	21
877	65	461
5959	34	0
5961	1136	21
5962	3595	21
299	5963	273
5654	425	25
2667	17	0
5527	5964	25
1289	5436	36
5966	377	513
5536	1	0
2749	2804	435
5190	5967	20
5968	2258	280
4087	204	0
2245	2715	18
5969	795	0
18	3410	97
5970	5971	6
2994	5972	20
713	4951	21
3852	886	21
5974	1914	6
5976	5888	115
5977	1653	514
5978	146	18
5979	5979	21
5980	3361	21
1774	12	0
2028	5981	13
3980	5297	6
18	2299	178
2643	5983	20
15	3519	46
3940	128	0
2792	501	168
128	4736	171
128	445	61
236	3927	46
373	5986	515
3368	3997	21
4116	5987	18
929	5988	21
5425	236	25
2413	1463	21
3372	4201	21
3514	2403	46
2084	5989	20
2228	4604	21
242	232	5
348	2546	9
2259	5544	18
832	5992	25
3307	242	0
5993	537	0
5995	5996	20
2735	5997	9
2953	2310	90
12	238	516
320	5998	9
867	5999	327
116	4918	138
2698	4684	21
3299	6001	25
4118	6003	21
18	393	80
6005	2258	280
116	1721	221
6008	2836	21
401	1	23
35	4809	159
419	111	5
3335	57	25
34	1444	9
2411	34	0
238	6011	330
34	6012	171
35	48	159
1310	6014	18
6015	6016	20
905	3538	90
479	106	0
4415	3395	168
1962	1580	21
6019	204	0
29	424	107
6020	2701	18
1070	109	25
6018	4368	122
4393	6022	20
2602	4	25
934	2141	10
6024	391	0
68	6025	36
6026	128	0
6027	128	0
238	1562	36
2154	34	0
2496	106	23
1983	795	0
95	2462	23
512	103	24
238	12	517
4749	641	68
6029	915	18
1127	12	0
39	4102	115
5077	6032	20
6033	128	0
2804	6035	20
6036	6037	518
22	2551	9
1748	1706	231
65	196	28
57	6039	71
1102	2280	23
6041	68	0
348	2403	72
1175	268	0
6045	5554	21
628	6046	9
3358	2034	18
2092	4984	10
57	6047	31
68	5166	109
4044	6049	20
1687	5642	216
2594	4	519
992	29	52
17	5486	36
546	5391	216
3299	4018	44
2597	532	0
6054	5617	122
408	2735	8
4915	4815	18
658	12	0
1748	1411	275
163	12	25
1387	1605	25
3958	35	0
5115	623	21
3093	6059	20
6061	4729	18
324	6063	25
3196	128	0
1349	537	0
5454	641	25
3477	4431	21
1235	5076	9
6068	6069	21
6071	6072	20
416	1522	90
22	5427	9
125	1448	31
2014	5733	21
6074	5140	10
3746	1825	21
6050	4627	18
1404	4092	25
6076	1520	21
2940	6079	20
4181	6081	18
5568	143	18
5032	6082	25
306	5423	20
6084	2701	18
2903	6086	13
3002	6087	25
1032	734	21
18	1145	93
4998	27	0
6088	6089	20
3686	5657	370
533	6090	20
5928	128	25
2	35	68
6094	961	21
5225	6095	9
5150	1273	122
18	5535	61
4548	2467	25
125	1449	31
6098	2556	33
2894	5937	122
57	1330	31
6099	17	0
1004	1580	21
2315	140	18
5048	116	0
1996	180	90
6100	308	23
128	5366	5
4874	68	0
15	6103	46
348	1144	241
4719	1229	10
4449	12	0
803	1608	21
980	19	454
18	627	61
744	6106	25
34	5947	277
425	471	44
5479	1317	18
3820	6108	18
6109	427	25
4682	3193	13
351	6110	25
6112	5207	21
983	12	0
5241	743	25
5683	4303	6
6054	6114	122
873	2112	215
67	1934	59
6117	18	0
1704	230	30
3359	6118	25
1897	6118	20
873	1144	181
113	5590	192
6119	242	0
4612	3948	33
4788	532	0
18	1145	66
6120	2299	6
34	138	43
669	5783	9
2809	180	6
15	2108	46
18	6123	359
204	3266	80
12	238	520
1211	2423	10
960	3784	48
1602	6124	25
236	1871	145
118	1968	9
1442	204	0
5418	12	0
6128	416	0
6129	814	6
6131	1889	18
4331	4104	33
68	4590	129
2545	6133	21
408	2779	269
2165	6134	20
1107	537	0
2717	4173	21
4186	6136	20
1484	6138	20
2058	29	0
1154	4	0
6141	6142	18
3803	2973	5
2976	312	0
5205	350	18
1319	782	21
4579	391	0
1584	5868	18
1379	4659	21
113	1923	46
3082	1196	18
184	3555	9
5698	4	0
65	769	49
980	1549	521
548	4343	10
2018	6146	469
1924	6147	20
140	6148	25
1398	268	51
34	2071	17
491	5949	9
5586	5252	18
3465	1107	21
6152	5283	21
299	6006	9
116	6153	5
4316	2237	21
3988	6155	25
404	335	90
877	393	311
6157	125	0
3554	5201	9
4820	1730	18
5534	1756	59
5649	4183	23
4827	68	0
611	2826	9
3723	15	6
959	6158	14
46	456	21
5149	12	0
2548	6160	221
6161	816	21
5497	128	0
532	2500	522
6163	5754	10
1334	5094	21
5229	6164	25
6165	22	0
5867	295	122
6065	4089	122
292	1935	21
1776	6167	20
4546	3619	18
1916	5475	20
1460	6169	25
6170	12	0
5926	182	52
1037	6171	20
6172	12	0
354	1863	9
3396	5055	14
382	5021	88
3849	2588	20
992	423	52
4422	6175	44
1412	97	59
1161	6178	25
6179	6078	10
5312	373	0
2527	27	0
29	2972	5
1443	6181	46
6039	5001	21
3921	2865	20
5537	915	18
1861	6182	18
128	753	254
299	2627	9
6185	204	0
6186	12	0
4280	598	21
6187	5577	18
1043	1813	21
118	2539	9
4009	858	13
238	128	155
12	5928	523
5194	84	18
2350	312	25
464	6189	33
204	6190	93
532	3209	9
3644	1816	186
6193	6194	115
4062	2849	5
5387	27	0
712	537	0
1407	5566	21
1043	728	21
3086	2591	23
4595	5528	20
1864	3174	21
413	3716	25
798	116	0
12	5666	5
236	3026	5
4700	1933	23
90	3819	18
1641	6200	18
3415	3575	21
546	1856	46
1109	3150	21
364	34	0
6201	6202	20
4065	6204	18
4186	27	25
2724	4127	21
6205	6206	14
491	1586	222
5718	128	0
43	3715	21
5728	6209	10
5450	238	0
1807	273	6
2421	17	0
3236	3105	18
1824	4490	18
2940	5685	25
627	5559	46
2176	356	98
3871	3398	21
68	3352	431
5125	2013	14
10	304	524
6213	2866	6
2414	35	23
1487	1921	21
795	5403	16
128	238	11
1897	2594	202
6214	5684	13
1004	779	21
447	4729	18
1962	1685	21
382	5033	9
3778	57	0
5764	2680	33
3764	17	0
451	632	36
6218	238	0
3683	6220	23
34	944	17
5531	451	52
6221	128	0
4466	549	10
3159	4666	21
1144	4835	525
2608	6223	13
268	6224	5
4	382	156
4639	6226	122
802	4982	21
1820	5269	18
5741	2188	21
6227	391	0
4	605	9
228	6228	20
57	6229	526
93	659	21
2472	6230	20
3933	6232	21
532	6233	9
2912	3981	21
4434	391	0
204	867	61
1521	4065	21
45	416	0
1837	4	0
3320	180	527
4129	268	0
2534	4473	6
6212	17	0
6238	549	10
2005	1648	6
2262	1506	9
4	3928	9
5486	17	0
2247	2217	59
408	15	111
128	5748	5
4057	6241	20
5733	6242	13
68	235	192
6243	627	6
778	1581	21
5511	1953	21
1134	3658	18
2373	5565	90
5405	3946	21
238	4902	141
6244	6245	20
57	4278	315
6075	2652	59
3269	6248	20
1037	12	25
174	4173	21
6249	2343	20
2275	6251	25
2127	456	21
1860	2423	10
4948	4932	10
3882	6252	25
68	312	528
242	3307	5
6254	12	52
230	735	100
2471	6255	14
354	264	9
6257	6258	20
3748	4390	122
1010	1727	98
269	382	25
4688	474	18
3367	3255	21
1191	312	25
4697	3701	21
537	1090	15
4	5390	86
2262	6260	20
6262	6263	18
109	521	47
312	3894	43
12	2788	529
1154	412	21
6078	6264	10
1169	4600	20
3922	6266	59
2669	1568	18
15	2918	9
5399	4021	21
125	6157	31
204	2392	17
4518	6209	10
5704	915	18
6267	4589	9
2176	1144	307
2447	6268	18
2866	6109	25
929	3700	21
6270	34	25
880	267	25
65	1426	46
1145	6273	93
6274	3339	122
2959	451	0
4039	6275	21
768	2926	18
6276	6277	44
6278	2432	21
312	5826	9
3828	5631	20
6015	5179	9
6279	128	0
2204	1328	18
1449	125	0
6282	451	51
4981	275	0
2408	6284	25
34	377	530
1641	6285	18
6286	17	0
5632	6287	6
4207	154	18
5628	732	18
2874	4234	6
5104	12	0
4192	6288	25
4659	4768	13
3660	5984	227
354	3003	16
548	368	10
1975	6292	13
2010	6293	122
2464	6294	386
4143	68	0
68	1125	31
4475	537	0
3247	1383	21
3958	4883	21
2247	4250	21
65	2882	395
6296	4899	227
113	2646	232
1285	1650	21
57	261	68
6297	474	18
5557	4998	21
1634	6298	20
5360	1411	0
1916	4419	9
2009	6299	20
6290	312	0
2173	5267	6
5736	795	0
5404	146	18
1211	2064	21
421	176	5
419	1171	84
2447	12	0
5568	4738	18
4160	6305	20
6306	17	0
2921	6307	18
4060	1003	10
2249	1229	10
608	116	0
4434	1665	13
4075	6310	20
867	3649	9
1368	6311	20
104	168	9
51	6312	25
12	6314	60
2881	2935	18
6315	3988	23
238	5599	5
2036	6316	20
5611	4226	21
3651	5632	21
1748	3685	17
313	5443	9
1093	6318	18
6320	1305	18
1553	1123	216
2450	5717	25
6322	12	0
4204	4343	10
3157	84	18
5209	4849	21
4164	1395	21
6274	6324	122
4726	6325	59
2669	2538	21
238	508	127
975	6225	70
2102	4633	25
3004	6328	25
3105	423	0
1368	1297	25
1895	2141	10
6332	6333	13
5339	238	0
6071	192	25
1778	5663	33
65	6335	5
537	1260	9
5853	17	52
4272	1675	21
567	6336	20
3093	6337	25
3398	4201	21
2669	1538	21
532	524	300
6301	3574	18
2486	489	44
1903	6342	13
3247	4	0
2011	5572	330
1144	5121	9
3290	68	0
4218	1	0
4274	204	0
116	477	94
5313	5545	18
1480	6346	25
6348	234	0
388	4261	21
411	6349	21
1	2039	275
929	6350	21
4882	1144	140
15	437	9
238	6218	5
1705	1478	49
5281	113	25
5813	68	0
6352	507	23
382	200	408
6353	734	21
2400	6356	25
57	4921	9
3675	18	0
4127	2684	10
2726	5240	14
4033	6358	20
2000	84	18
908	1370	6
4267	5506	13
1105	312	0
537	299	531
1920	929	21
1962	3018	21
2132	4631	21
1766	2366	9
2478	6359	60
934	3754	10
6361	146	18
5853	1020	33
3423	2237	21
6362	2621	0
1927	5681	13
4079	6364	20
3740	994	51
3106	4108	20
1962	3099	21
4145	968	23
1293	238	0
2851	4984	10
877	434	107
4	374	80
6367	474	18
4	6368	9
367	4343	10
230	2612	305
2874	4416	21
4164	4434	21
5329	6369	52
5102	235	25
6009	27	0
382	946	88
4569	12	51
3373	2275	59
929	6343	21
6370	128	0
2019	734	21
57	35	146
3467	6371	20
3273	2604	18
312	6372	17
874	932	227
1895	3438	10
4452	267	25
6018	5332	122
5743	242	0
343	55	23
5739	5394	33
6378	2734	9
2293	2293	21
204	1440	300
3625	6379	122
5440	2832	21
1609	391	0
1666	6380	59
4	2360	82
3191	1503	21
204	1756	17
6381	6382	152
615	474	18
320	1959	403
34	6383	36
6384	84	18
5093	1077	33
4622	118	25
1834	2970	5
2274	6313	14
283	313	25
3119	6387	25
2313	1283	21
18	2735	8
5518	6389	25
2897	5147	21
4524	327	10
2411	6392	18
6061	4	0
4601	3573	21
2081	6394	21
5407	3553	21
6214	4341	18
3551	5514	41
10	6399	9
1292	6401	122
3847	6402	20
3138	1356	52
35	113	98
3602	3338	90
2	5153	9
3083	6404	25
4727	6405	25
393	135	9
2501	6406	20
795	4687	233
2735	849	9
312	2146	532
827	1605	25
6407	6408	18
6069	18	0
4416	393	51
262	1	0
4247	3289	21
1135	312	0
382	2271	203
3823	6412	13
425	6191	9
113	4861	43
4495	3985	20
3014	5197	21
6418	268	0
532	6421	9
4502	3617	0
22	416	533
4	425	269
395	6236	50
1425	116	0
1399	268	23
393	627	90
1119	6424	20
382	3777	9
6426	6427	18
820	2392	292
4237	354	25
6430	6431	20
3694	3684	21
1159	6433	18
2531	2635	21
532	4978	8
659	4343	10
778	341	21
6436	6437	18
305	6439	63
2300	391	0
396	1549	426
6440	34	0
1526	437	9
6441	1637	18
3766	12	25
4804	3251	18
4	789	44
4659	6092	21
6444	4	0
6445	350	534
65	15	130
3356	6446	20
112	5511	21
6302	34	0
307	6447	25
141	128	0
4371	5785	33
3255	268	0
6007	929	21
2316	935	10
5495	312	0
148	660	23
12	3044	9
268	3255	5
6453	391	0
3451	4188	21
4089	140	18
4740	6454	20
6455	1758	18
6456	1648	6
5463	6457	20
774	2989	9
2957	4460	21
824	3996	18
3539	6458	20
3923	6460	10
5226	268	0
22	3474	98
382	3042	310
4578	5800	14
4873	4729	18
125	5461	32
1894	4060	21
5378	180	90
3020	4046	10
5896	312	0
6009	3799	21
820	821	292
6462	3187	9
299	451	174
382	4680	535
2531	4857	21
260	4931	5
3169	4434	21
647	12	0
3169	1395	21
204	1704	244
125	3434	32
5139	2311	10
5146	3600	21
6109	2867	20
6471	1366	168
867	490	90
1219	6472	25
176	6112	18
5259	1	0
116	4551	5
6474	391	0
106	5503	153
4854	6475	21
12	6355	5
340	1580	21
230	526	430
300	299	0
4420	1336	25
109	15	207
957	1144	181
299	1090	189
4894	6480	13
4294	221	25
488	3680	14
2496	6485	21
6486	6487	20
6488	234	0
3601	457	21
12	6083	60
608	6491	13
6492	312	0
1010	743	17
4605	416	0
2599	128	0
230	5949	9
2254	4416	21
4091	18	0
18	5260	46
57	1289	252
5771	3612	21
5775	128	0
451	395	28
12	128	536
10	308	320
472	6494	20
6496	6113	9
1627	238	25
3625	312	0
35	660	34
2878	2180	126
6044	68	0
2568	446	25
4397	419	52
6499	116	0
6102	6500	18
187	5354	21
2507	2097	9
2915	3454	68
3702	312	0
68	5259	92
3661	18	0
279	6505	20
131	2409	33
2713	3072	18
4764	2698	21
230	3504	119
6506	204	0
2431	6507	180
2458	5378	112
4352	1561	18
5928	6511	20
3536	2737	21
770	12	0
3320	304	25
877	2934	332
260	1331	9
55	6257	5
3767	2607	10
5649	1	0
6513	6514	20
373	1706	231
3531	5300	177
288	391	0
2960	6517	18
6101	5863	18
102	625	18
5436	654	18
3501	391	0
425	6518	16
2993	2701	18
660	2037	9
3341	3938	18
6054	2638	18
3715	1	0
160	6520	21
984	1810	20
2286	6507	180
5079	84	18
3882	5527	56
676	6234	13
5644	1693	122
6521	4175	10
5940	5000	10
4308	3364	537
3610	1974	21
6524	6525	18
4414	2513	14
835	6055	10
5577	3709	21
395	3506	223
5942	275	0
5674	274	14
451	472	171
1420	6527	20
2811	116	0
242	743	25
2974	6188	18
3485	6530	20
5651	360	6
5912	5905	6
600	391	0
785	6531	20
6532	6533	9
6534	140	18
6256	5204	14
4455	2703	18
12	6535	46
238	5579	109
4565	4938	21
508	4975	9
6141	537	0
128	6536	171
3832	1792	20
3407	5238	21
6537	625	18
113	1288	370
6438	234	0
354	6540	88
4634	3598	18
5001	463	21
4692	27	0
1111	451	25
2725	1959	52
6541	128	0
2056	6197	16
55	5541	98
3094	391	0
2306	790	18
5797	2914	14
367	549	10
1899	3451	21
5561	370	21
2677	4733	5
6543	474	18
2587	4935	18
267	526	430
6545	4563	21
3829	6546	122
57	5518	127
2	1927	319
4148	4195	18
3552	5493	18
4	425	275
1640	68	0
22	5158	538
238	1169	43
4435	3805	90
6551	867	42
957	118	104
1842	6552	25
17	1245	445
12	2830	109
3526	490	6
1895	1003	10
364	6553	52
4574	1605	188
348	6556	131
2388	6557	25
3874	299	25
106	29	211
908	6558	18
473	6297	21
27	4110	9
6443	4	0
6559	6478	21
5483	3142	18
5093	3366	33
4247	3160	13
2669	2798	21
365	34	0
637	6560	20
5577	1767	6
6367	6562	18
4	2571	37
3974	3885	21
3607	6563	13
6488	6564	18
4597	1797	10
5815	68	0
2744	737	21
3287	312	0
1041	6565	20
5784	3547	21
416	4	167
619	6568	13
382	6569	9
751	5960	18
6570	116	25
1820	2149	18
802	2832	21
2493	6571	20
4008	12	0
4180	162	21
3404	320	0
238	6576	98
2284	6577	18
6578	490	6
4377	3035	21
3958	4320	10
34	3663	4
2092	3754	10
4718	1370	6
2094	1144	25
916	6579	20
3765	260	25
1553	4710	216
5441	6580	20
3446	532	0
6451	4534	21
12	5257	306
4364	4273	25
518	404	6
4621	6497	21
2288	4017	10
106	29	181
2349	1216	73
3554	6235	9
128	12	275
6583	2149	18
3070	3321	25
5642	6585	25
5419	17	0
5197	3308	6
5431	65	52
2917	6586	539
2091	6152	21
1362	103	24
4545	969	14
5440	1283	21
598	873	23
1692	6589	10
521	2233	25
744	3978	25
372	629	6
891	2732	10
5447	811	0
12	5539	90
1201	2551	9
1514	312	0
1470	5688	20
1887	2937	21
2160	1502	9
2641	5984	227
4739	6594	14
2780	2180	168
2744	2232	21
6595	3286	18
4507	6596	9
3681	128	0
543	2768	33
1048	2391	56
1661	4632	18
6460	921	6
1407	4830	21
269	4589	9
2638	106	23
6602	1216	73
1348	6603	25
763	2388	13
2953	51	9
1832	6604	20
4042	6605	20
1177	1244	21
1577	6606	20
2777	6607	25
5162	17	0
1444	6608	20
6423	12	0
3773	4996	21
3849	4	25
6609	2366	9
6610	2149	18
57	1147	478
3657	4955	20
3371	9	13
35	6611	5
6051	4184	20
2145	4812	21
4095	2862	18
2874	2255	21
118	3118	88
17	1156	41
17	4356	36
1709	6613	126
126	599	33
5811	2212	21
6125	5866	6
109	5750	540
5440	3008	21
5096	140	18
4202	4818	23
1144	5201	9
860	6156	21
6617	6618	18
1806	2600	25
999	6619	25
118	4622	237
1004	3827	21
516	391	0
2606	929	21
2614	3998	21
1221	391	0
4182	4137	20
6467	4468	106
6620	101	0
2179	6621	20
199	6622	20
1004	2580	21
29	2892	127
863	4435	6
3475	12	0
312	2554	541
35	5309	5
180	235	90
6626	795	0
6627	234	0
1894	2851	21
929	2019	21
5311	17	0
6403	68	0
3440	6628	14
3122	116	25
55	4832	5
2212	861	21
12	47	5
4809	6631	18
811	1803	138
1564	1216	73
3945	12	0
3062	6635	20
5549	3189	33
4845	5634	20
3335	5712	9
5764	6131	33
1648	4168	44
1193	4149	18
21	822	24
989	2277	18
2	3003	16
12	1102	171
952	6344	9
2494	5275	90
173	2717	21
2643	877	25
6639	17	0
5654	1867	9
4463	3936	21
5011	312	0
12	5585	36
5947	34	0
29	6177	9
3236	423	0
373	1705	275
1144	5836	542
313	4183	359
3765	6641	20
12	981	64
1860	2141	10
29	3733	5
128	238	543
4	425	154
1410	6645	59
6646	4694	18
3668	6647	18
3813	146	18
6439	491	25
236	4456	544
116	78	151
5130	312	0
1122	6651	25
6595	4442	18
2488	1504	21
369	5491	21
18	65	32
57	6654	233
2242	6655	20
3999	537	0
4763	6656	0
957	3158	153
999	3353	20
6409	312	0
3744	382	25
6657	1758	18
18	15	204
5547	17	0
3183	6658	20
35	3989	5
4198	238	0
1565	1536	21
201	2075	73
6659	1035	103
3579	469	33
18	393	121
5794	5405	21
2634	204	0
6661	2451	90
2807	6662	18
5131	5971	403
5886	5835	126
1010	811	258
4	6663	545
6664	6665	20
6513	2651	9
6629	6666	20
408	1431	8
2992	12	0
2545	3563	18
2507	4	25
2716	267	25
6667	3858	9
2473	65	25
113	6668	9
5710	102	10
6670	5487	112
6501	660	23
5093	1224	33
891	2073	10
987	6673	20
5607	3933	21
12	6376	5
3498	128	0
238	5066	5
312	27	62
1361	3564	10
275	5942	31
6677	27	0
5302	732	18
774	1145	25
1662	17	0
1881	1680	46
6678	34	0
307	6679	25
1124	6680	20
491	1190	31
1053	5389	21
2355	6682	10
4811	5047	13
4164	2060	13
6482	261	68
6025	68	0
5169	6683	51
6612	578	21
4411	4411	21
2563	5656	20
55	977	5
68	3970	546
12	445	180
2293	6688	51
1492	2309	9
4224	651	18
6689	918	18
348	6691	547
4239	6694	25
3947	6695	20
1759	5925	25
2255	3622	13
312	5725	9
5009	6696	18
128	6279	233
3974	3756	21
236	2940	145
3359	6698	20
5383	385	0
204	6699	209
6700	2149	18
5551	128	0
4893	6701	0
3057	6226	6
12	2259	5
3063	84	18
960	6702	20
3274	5511	21
2909	6703	20
6448	312	0
6704	736	9
3452	3563	18
1255	867	25
55	2124	475
312	3106	146
1508	616	21
6707	4	52
2247	6708	59
1316	116	0
5032	6710	20
3065	3940	21
4070	6289	18
518	6711	21
994	2066	9
2016	268	0
4883	4343	10
57	4237	61
2179	6713	9
6714	1216	73
6238	368	10
31	6715	10
4497	2244	25
4762	6656	0
6717	6449	21
4512	627	51
396	404	90
5250	3388	18
654	4055	25
5188	4	0
1276	6720	25
3531	3617	0
98	512	24
5932	2985	13
113	5622	5
1838	12	0
128	5402	11
5472	128	0
3837	2839	9
434	1450	548
391	68	25
6274	6723	59
12	4491	5
268	204	146
957	4259	549
2548	498	9
29	6724	146
2015	6242	13
2452	57	0
27	122	11
5760	706	21
5465	17	0
5313	2265	21
1145	877	43
6726	795	0
3803	6727	186
2377	6728	18
5852	3798	21
1687	2282	216
765	4420	90
173	5434	18
3671	204	0
2976	2296	23
541	2094	22
1448	1392	59
4850	6729	20
29	6731	203
6495	2149	18
57	113	230
714	34	0
4852	5465	21
4834	6732	44
4242	6733	20
18	1750	291
2006	6734	20
3801	128	0
2917	6735	9
3755	3885	21
6736	6737	20
3138	2913	18
3105	333	23
1771	391	0
6739	6473	6
70	27	0
4911	238	0
1448	125	0
3397	6745	6
6681	299	52
6747	234	0
1010	1803	17
1798	4575	18
3225	3549	21
29	6751	550
433	4667	21
1265	749	10
2092	2141	10
2182	6187	10
769	1042	25
4672	17	0
466	68	23
4888	238	0
38	4454	59
2590	230	154
2523	6754	20
3628	6696	18
340	3018	21
5101	995	21
5986	641	25
4861	6757	20
3887	6502	20
1359	6758	20
669	6759	20
3475	31	21
4719	116	0
1985	1435	25
29	6761	46
2118	1035	25
1748	641	68
3957	3684	21
6150	128	0
2107	474	18
451	3588	43
3457	6764	59
1635	88	21
4402	1932	20
5121	6766	25
5229	6767	20
396	4402	9
934	2317	10
1373	6769	14
6243	109	0
1525	3582	69
780	6770	20
1345	3452	122
5491	162	21
2187	5489	0
5661	537	0
299	537	2
6773	6774	20
3823	6775	18
2916	84	18
1979	6776	122
692	55	23
6778	299	52
68	2666	236
6570	6779	20
4256	811	0
5140	2134	21
4964	2075	73
746	128	0
18	2106	40
173	27	0
4165	6782	20
3750	188	21
1411	97	121
6291	84	18
1601	55	0
5895	4289	20
1854	1	25
312	6783	9
3170	2089	25
5550	128	0
12	6186	5
5632	96	122
326	6785	20
2469	6786	59
6787	1056	9
2863	320	0
312	3037	320
2216	320	0
18	627	17
4815	6180	21
4128	162	21
1553	4573	216
4449	2091	21
4679	5018	18
5578	5959	21
2866	6790	20
6791	2258	280
4556	594	6
373	4004	8
3128	313	25
366	4407	551
6060	4814	21
3557	795	0
18	5007	4
3325	6792	20
395	917	5
1879	6793	20
55	5332	5
1852	235	25
6330	6796	20
4471	34	0
979	6797	13
330	742	13
113	606	241
2644	6798	20
2334	6510	90
1211	935	10
5808	268	0
5575	84	18
3930	6143	18
1214	6637	14
6077	128	0
12	1247	22
6801	6802	13
633	6803	25
12	5716	131
4809	6804	51
6413	6220	23
1895	3754	10
369	5745	21
29	6806	98
1068	6807	25
134	6808	25
4089	1941	21
6810	377	6
4037	6812	51
4304	4460	21
2801	1650	21
4543	3999	21
1333	27	0
4242	557	25
1729	261	6
395	1077	5
1864	29	0
890	2812	18
2017	5806	18
1154	6349	21
6818	5239	21
3650	6819	20
1809	4648	21
932	116	0
236	5143	9
6126	34	0
3108	6821	25
6497	204	0
6822	623	21
4010	20	227
815	6823	20
6116	2076	59
3832	6824	25
3836	6825	25
5151	128	0
1988	6759	20
1505	6826	14
747	6827	20
338	116	0
2566	449	552
3829	4153	23
389	6122	14
6642	204	0
5870	12	0
588	442	9
1394	2817	25
320	5211	9
5513	238	0
6068	18	0
2176	2492	292
3319	5845	122
12	5398	5
5630	6829	14
6466	353	73
1327	1130	6
6831	1216	73
951	4914	9
18	3086	291
5122	6832	18
4931	3281	18
6835	2556	33
1821	3736	9
3800	3759	9
836	2183	9
6837	68	0
1558	5580	21
3102	537	25
5487	316	25
6559	12	0
6670	6643	18
1503	1592	21
2267	128	0
4513	601	51
923	1	0
34	3663	293
3400	140	18
2974	6841	18
4267	6817	13
914	5328	59
413	5688	20
3016	5566	21
1211	2317	10
795	1859	5
113	1370	418
116	6842	553
3771	5316	21
491	667	186
3865	6843	18
3243	1198	21
6845	2707	13
4127	5607	21
57	35	28
6470	5776	21
1095	6847	20
5336	1091	51
793	128	0
4740	6848	25
3229	6501	21
1004	1581	21
5271	5611	21
5549	128	0
5817	6480	13
3115	2343	59
6768	391	0
2275	6850	20
416	153	431
4598	204	0
3512	3511	21
5485	2345	18
3302	4224	21
1085	2252	33
1775	12	0
2702	6851	20
3136	6853	20
4073	6854	188
6238	4343	10
4	641	192
388	5962	21
5004	1872	25
5682	6647	18
370	792	21
4540	128	0
941	238	0
2116	268	0
6859	6860	245
3202	946	442
22	946	88
134	6863	20
3231	12	0
812	6866	20
2912	6838	33
6236	395	0
68	3715	92
2683	125	25
6867	594	51
5463	6868	25
910	4137	311
2497	106	23
4441	625	18
118	4259	549
3919	68	25
12	6869	17
1179	3018	21
751	6870	18
1156	3202	25
75	3941	10
1805	17	0
118	3607	16
3850	5955	21
1356	774	210
348	6873	178
3457	6845	10
6093	6874	13
1593	6875	20
2621	320	25
2905	437	9
3349	915	18
2953	6878	554
6879	234	0
5917	12	0
312	2776	17
5858	1416	6
1439	6882	25
2609	795	25
2863	5251	18
4565	312	0
1229	75	10
5142	3796	21
1096	18	0
3531	6885	18
6573	814	6
2735	3785	9
1886	1	23
55	1468	98
4117	6886	20
1179	3099	21
109	1346	46
1206	639	21
1304	2724	10
1472	6889	20
267	667	97
4333	6890	20
6780	29	0
6047	6891	59
5071	6892	14
5644	702	122
4459	1144	25
6893	6894	126
4568	1935	21
1606	2464	13
3409	6895	20
1144	1567	9
5609	508	52
3302	143	18
4520	6897	20
2863	6898	13
6899	204	0
2536	6901	18
34	5287	189
5828	6719	14
2076	396	25
128	1759	171
668	5305	10
6718	12	0
3922	146	18
6026	2965	18
2415	2918	9
5288	2060	13
6297	6856	21
5289	6904	59
3328	128	0
113	461	555
113	5438	556
6906	811	0
1593	6907	9
470	4533	21
1483	4	0
5926	6908	18
5700	204	0
2254	544	18
2538	1243	21
261	4683	9
3529	2810	18
834	1450	25
2911	128	0
312	532	11
57	2551	9
3990	4779	14
4392	4	0
5984	12	0
5067	312	0
1241	6913	20
109	404	49
208	3828	25
6360	2075	73
312	158	556
3535	6914	59
3965	627	90
4505	138	25
3267	6915	20
6093	6916	18
419	359	5
427	3717	9
2662	238	25
2797	3678	13
2887	134	59
659	368	10
68	6071	17
3618	568	33
6768	6317	33
5336	2516	21
1705	1706	109
3145	128	0
3197	6479	14
2438	691	227
5218	625	18
4346	6921	168
3376	6922	20
3833	3932	21
5581	5271	21
3151	2558	21
1	1101	281
3638	116	0
2311	2134	21
1273	4732	6
590	354	25
3553	2458	21
1654	6924	20
2683	6925	20
241	6927	20
2193	391	0
4054	655	25
6928	234	0
6649	915	18
3465	299	52
551	3729	18
962	682	51
1568	6930	20
2221	6931	168
6039	1566	18
6834	353	73
4662	2063	51
3348	1303	25
1872	1819	20
1249	116	0
1691	2533	9
6074	2311	10
55	2499	75
275	3266	80
3442	34	0
116	3362	408
2778	12	25
1232	1128	171
2997	204	0
766	248	25
4049	3107	25
1962	1581	21
6678	2985	13
5169	594	51
3070	304	25
1482	6933	20
4078	4436	21
395	3126	138
6034	213	18
5664	1	0
275	4428	5
6259	625	18
1684	802	21
4182	4527	25
4802	6938	25
2568	1477	25
1679	109	52
128	12	204
5610	204	0
92	3684	21
155	6939	46
6940	312	0
5417	1232	23
2868	2631	21
1235	192	25
5424	34	0
113	6944	5
5567	5930	21
4053	2346	21
5237	391	0
2437	691	227
873	3036	43
118	6951	359
6407	5863	18
5175	238	0
236	1530	5
1658	368	10
1874	6956	18
18	1133	291
572	113	23
2798	1243	21
1745	6960	25
1941	1941	21
6052	116	0
2362	6605	25
2728	2105	557
4019	6961	25
6510	1013	25
34	6962	145
703	6963	25
4590	6964	20
2702	13	25
238	6411	37
2655	2734	9
3661	2208	18
2175	643	20
4612	6965	18
4175	416	0
4361	532	0
5440	2314	21
412	3247	21
4535	6970	25
425	3761	46
767	27	0
884	6080	18
4691	5105	6
133	6971	25
5961	34	0
4460	12	52
6973	128	0
3828	1846	558
2380	3617	0
238	2318	90
6974	4333	44
6975	68	0
1961	4386	51
18	1749	291
3956	5153	14
4244	113	25
6592	2085	21
412	6979	18
4257	3800	240
6295	5671	14
113	6721	9
106	3782	151
3343	6981	25
1847	6982	20
6265	17	0
76	5695	18
2522	915	18
419	3929	5
35	113	230
1847	2418	9
3975	908	21
1939	35	0
2046	4343	10
6983	734	21
12	3766	90
6282	6984	18
12	1556	317
2240	6985	25
968	3782	20
4423	1492	23
4322	6986	20
4974	140	18
6988	6003	21
5188	1162	21
6989	34	0
419	5417	5
3472	6990	20
242	6119	5
5707	391	0
109	6992	46
293	1936	18
5140	2312	21
1110	128	0
113	6203	9
4830	5567	21
2687	5805	13
3426	6996	9
17	1857	41
719	3340	18
2902	6836	51
597	425	25
3912	238	25
29	5412	9
4391	18	0
6023	4934	168
425	6998	9
6999	5120	51
4183	7000	20
3101	7002	20
3193	7005	20
4060	3438	10
2255	393	51
29	4816	129
3422	55	23
4615	7007	25
5740	7009	25
2316	2141	10
3969	3142	18
4829	7012	122
6347	2999	18
877	3410	1
3484	4662	33
2315	7013	18
877	2615	9
34	321	207
7014	1467	122
5288	4434	21
6355	12	0
382	5342	90
1798	2208	18
2092	2317	10
4005	6999	21
3449	7016	25
2849	5995	0
4207	1094	21
7017	2734	9
1646	7018	168
877	945	348
2790	7019	20
2388	4934	9
260	3003	16
4896	4917	44
1644	1592	21
2537	877	52
6510	7020	20
6488	6330	18
687	6671	10
4126	3176	18
4813	128	0
7021	17	0
4994	4854	21
3366	545	33
2737	4126	21
4613	116	0
3101	27	25
2050	4744	18
4408	34	0
1518	7023	25
7022	261	6
586	1608	21
2527	5434	18
317	2829	126
5561	404	51
1170	17	0
5593	4017	10
6139	3772	21
4952	5045	126
3547	1305	18
4671	2664	73
3217	116	0
6609	7026	20
1790	3034	21
260	3515	319
3865	7027	18
29	424	96
2432	12	0
3190	128	0
1357	5023	9
379	267	25
2521	335	25
5461	125	0
1393	7031	18
12	5609	5
4725	7032	13
133	7033	20
2413	7034	18
618	404	90
3318	5327	18
6810	7035	52
4063	2694	21
5564	125	0
4260	7037	20
6133	5320	21
1179	1581	21
5433	5495	21
7038	3251	18
1053	6007	21
2313	1607	21
7011	3495	18
775	1740	10
242	5743	5
6196	1311	23
4709	892	115
7041	204	0
491	1081	5
1144	223	337
34	7042	145
2434	2677	23
6499	7044	112
4491	1777	52
3651	7045	18
55	2094	98
2567	416	0
877	404	43
591	7048	131
5865	7049	18
4	7051	559
1860	2317	10
3220	6735	9
5894	12	0
532	4581	356
6867	6683	51
4313	204	0
2836	5780	18
5350	7052	25
2016	674	21
2930	7053	25
524	4108	20
3694	3958	21
532	986	9
4	2439	46
5089	7055	20
4202	1605	6
7056	1605	51
3623	7057	18
5042	7058	20
5440	4212	21
17	5690	31
3814	5696	20
68	1278	560
3478	268	0
6039	2243	18
3546	7061	20
4900	312	0
2609	7064	20
7065	1624	21
826	7066	0
6375	4553	73
34	7067	9
1245	17	0
2496	2052	21
2923	125	0
1807	12	0
222	118	25
1106	6085	18
190	7070	18
4	96	8
5242	2569	21
4359	811	0
3847	1616	25
4262	7071	20
6092	312	0
4960	65	25
55	956	475
5049	2623	21
5479	3589	18
6740	1854	0
182	4624	5
3823	7068	18
2641	12	0
3755	3975	21
1179	3827	21
4206	12	0
7077	2390	10
6237	6240	10
996	320	0
2536	7078	18
53	702	122
4027	915	18
260	354	561
1497	1189	73
2928	4	0
7079	2470	6
10	5737	162
2557	3472	6
1310	6760	6
991	7083	20
532	7085	9
106	6385	562
877	5709	9
4706	3111	46
1666	312	0
2124	2080	21
5612	1035	309
3335	7088	20
6018	3056	122
3452	1	0
1817	4754	21
2324	416	0
2028	5557	21
6929	5052	126
3468	5396	13
2886	1	0
3021	3021	21
4962	267	25
940	376	21
4058	5103	18
2940	5686	25
4	6663	275
550	7091	20
6422	34	0
1627	2865	20
5072	6572	122
249	766	25
2351	162	21
4814	6415	21
6376	1556	6
6712	84	18
5287	1471	25
2229	4481	21
2005	811	0
6166	3308	13
2856	1767	23
22	4	102
6856	474	18
2367	29	25
5203	2664	73
1253	3724	21
1179	1005	21
139	4522	69
68	7095	131
1684	5440	21
7004	34	0
4138	2635	21
6646	2614	21
6701	7097	25
2489	125	0
354	2335	9
113	4786	44
3702	772	122
1004	341	21
6193	15	6
2803	1928	13
4337	7099	59
447	7100	18
6246	65	52
1209	6461	21
2400	7102	20
2549	887	29
4644	6499	10
1053	3300	21
3882	7104	20
6687	6074	10
1404	6917	9
6270	2330	20
204	1223	502
6324	128	0
6211	818	21
131	792	33
3950	1088	21
1544	4615	13
3750	5354	21
1931	5028	9
6833	6923	21
545	546	563
4531	2246	21
57	354	192
447	7109	10
6515	17	0
585	7110	20
4013	4071	18
3926	204	0
3969	49	18
125	5663	31
3818	416	0
1985	65	25
27	4643	5
5593	2172	10
106	2396	564
1365	528	18
354	689	9
291	42	24
3590	1328	18
238	4064	546
3924	921	6
1177	1300	6
2120	7112	29
2819	1086	129
3453	732	18
491	3855	385
2016	7113	18
3744	6328	20
7114	22	52
527	408	52
6632	17	0
2521	877	2
6772	4	0
955	2732	10
5839	3176	18
1244	1244	21
5056	7115	25
2424	7116	18
4573	1554	21
2092	2423	10
5584	3595	21
5988	734	21
307	7117	20
6026	7118	115
269	7120	20
731	2415	6
2924	7123	18
382	6716	88
267	667	186
3552	5408	18
4814	1561	18
1162	7125	18
276	128	0
2452	7126	13
3889	7127	18
3337	7128	20
6450	12	52
4675	3344	21
4037	804	122
2979	451	52
6345	116	0
234	6627	5
370	6711	21
1748	6509	275
2289	5485	33
4690	532	0
6432	416	0
1994	507	51
3345	7132	13
1332	7133	18
10	5444	82
268	5872	5
7006	27	0
204	4313	159
3830	204	0
6056	1846	6
6294	7135	25
3639	915	18
267	4962	90
6539	395	52
2493	1630	9
7106	660	34
225	12	25
759	7138	13
3403	7139	18
3204	7140	25
6210	3585	6
703	7141	20
3907	625	18
29	2987	5
2763	496	21
3874	7143	20
4237	7144	20
2803	5681	13
4320	35	0
1474	391	0
2255	544	18
3634	7145	20
5005	7146	21
118	107	75
4524	1695	59
5795	12	0
3351	7147	59
6409	6753	122
595	7149	20
7150	2258	280
2109	625	18
1345	1	0
1615	7153	25
7010	140	18
327	1695	18
5600	625	18
4257	7156	20
451	1577	109
1390	7161	25
960	1144	25
1327	94	21
4937	204	0
6600	416	0
3021	6688	51
6589	1692	18
6675	4941	21
7094	57	23
3803	4197	5
7154	625	18
888	7167	13
1922	4331	21
5699	416	0
5715	162	21
877	3045	9
877	769	49
7168	7169	20
1144	4472	208
5642	7170	20
1133	877	52
2807	5429	18
6470	7172	13
113	7173	9
3507	1451	21
2527	174	21
6280	1605	51
5811	268	0
4150	3770	21
2322	7174	18
116	526	303
3748	3039	122
1575	2235	25
1531	7176	18
1249	7177	6
3445	238	0
1990	113	23
2602	7178	20
6068	146	18
1450	4653	17
4795	3218	18
6398	2087	20
1857	425	25
1144	2340	56
4509	7181	69
3803	2774	9
204	1471	207
5742	312	0
35	499	565
5190	7183	25
2390	6903	10
4597	4805	10
222	7184	20
7103	7186	59
35	3875	50
5776	27	0
3215	308	23
3604	7187	18
232	6548	18
5952	4697	21
6159	2974	10
3535	7188	13
128	972	140
5101	320	0
4809	4345	18
1413	4194	6
5888	12	0
360	2896	20
1458	128	0
4308	118	66
7190	7191	18
6357	5144	21
5221	7193	25
1478	6813	566
3269	7197	25
3348	1312	25
2625	6836	25
451	2195	5
3748	5526	122
1698	3360	10
1921	4126	21
416	3543	36
4070	990	505
3999	299	52
5865	7203	18
1014	5475	20
5121	7205	20
5650	12	0
3682	7210	13
5755	3293	6
6590	1038	18
4760	7211	51
124	6051	129
5184	2454	227
6838	6830	59
3000	7215	20
648	7216	20
5433	2047	21
7217	234	0
2558	6108	18
3343	7218	20
859	6393	18
827	2066	9
1940	1940	21
5316	268	0
4239	4660	20
892	7220	18
2448	5157	14
52	103	24
4170	7222	20
2744	3824	21
5054	7223	20
461	7224	25
34	2156	252
55	6909	446
3318	27	0
1949	6042	13
5535	828	20
1562	295	20
574	4364	51
6538	34	0
5778	5271	21
2104	106	25
1283	1608	21
1000	7177	6
1540	3036	6
2788	6656	0
128	4813	5
1789	7229	14
1075	915	18
4480	6195	21
771	12	0
7231	128	0
65	902	145
3912	2343	20
3184	7232	20
5318	242	0
4213	5561	21
1947	7233	20
1985	7234	20
35	4334	567
113	57	509
313	28	9
4309	118	25
4306	5924	227
1033	200	20
929	6353	21
3770	84	18
6388	2337	18
3168	1045	21
7201	27	0
2308	236	392
5651	7237	18
1594	6725	18
197	7238	25
4007	7001	69
2430	2548	25
2427	4955	20
2026	7243	13
2112	6999	21
3932	5135	52
1788	2180	14
6539	7244	18
6856	5735	21
4188	6242	13
4277	7245	13
179	0	18
2493	7246	25
1654	4477	25
960	29	568
1781	404	6
5468	2153	112
3204	5164	20
140	6787	20
934	4984	10
4842	1099	122
7014	7250	18
3853	7111	21
226	128	0
416	4870	9
1680	2467	25
2767	348	25
2127	3601	21
1109	7225	21
7160	17	0
393	2918	9
4704	1779	122
7171	2926	18
2131	7252	20
1194	4925	20
4221	15	13
2818	6499	10
6163	532	0
3776	7254	18
4033	7255	25
3131	7256	25
6670	7257	18
416	7259	171
3803	7022	5
29	3861	565
1845	6728	18
2217	7260	20
552	6470	21
130	7262	20
1224	545	33
7265	146	18
5675	84	18
2669	5868	18
3104	12	0
1716	408	0
4	6911	9
34	7268	569
1877	889	21
3004	3744	25
877	1130	254
314	7270	20
1010	582	29
2640	4581	25
6590	795	0
2927	4	0
1808	2337	13
5440	586	21
6349	3247	21
4951	3114	21
5893	35	0
382	641	570
2660	1175	21
6675	2701	18
45	4258	52
3175	7280	13
4546	568	33
892	7213	115
6664	7283	25
2391	2071	25
6741	7285	20
6867	416	0
267	5949	9
5906	2556	33
1678	1234	18
4288	5733	33
1470	180	25
12	3328	36
1584	1538	21
4631	55	23
1333	7286	18
2313	4212	21
3799	27	0
2129	5953	168
6521	7287	18
4230	391	0
356	2095	20
795	1973	36
7163	811	0
369	3222	21
929	6983	21
6449	3851	13
1030	7290	112
1179	779	21
1007	242	52
2223	5526	122
5250	7291	18
4463	7292	13
417	1561	18
4855	1873	90
6243	1678	21
5571	7293	20
3992	7294	18
6131	7230	18
5818	3144	21
5511	1931	23
7175	918	18
7111	4791	6
1845	12	0
382	4	80
1107	537	52
996	4650	21
1169	238	25
5159	2980	20
1456	68	0
56	2550	25
4509	6943	21
2730	5507	122
5109	5816	25
3512	312	0
57	1565	71
5285	12	0
194	7299	20
5660	7059	21
6747	4468	563
3256	268	0
242	5318	5
5779	5574	18
5945	3031	21
2439	7300	25
419	2165	253
6429	116	0
3591	65	0
5299	12	0
3871	1213	21
5312	7301	13
4060	2317	10
6349	4	0
3278	791	21
3320	7303	20
238	3431	571
78	4094	20
4821	7304	18
5368	5806	18
4690	27	23
3530	7305	126
4134	5652	21
6800	34	0
3030	2424	21
2111	34	0
5601	3163	122
4378	7307	13
1070	7308	20
725	1204	24
1063	6230	20
382	4856	9
319	1095	46
29	439	88
5441	7310	25
7258	491	52
3842	7191	18
5258	5925	13
313	283	259
1422	5816	25
698	12	0
7155	1135	122
5086	7315	20
3852	4815	18
802	1607	21
2016	5806	18
3448	2831	20
169	7317	13
1369	128	0
2487	667	112
1383	7318	18
1962	779	21
2834	17	0
2357	268	0
5609	238	52
5730	3407	21
5227	236	25
3803	35	146
7323	6013	9
761	7324	25
910	739	20
4635	416	0
2264	5545	18
2640	5688	20
3368	1790	21
169	3793	21
4533	391	0
4146	6452	14
906	5280	14
1441	3185	18
6528	1520	21
2832	1608	21
5503	7196	21
2140	7325	13
659	549	10
3665	35	25
398	1854	0
5197	17	0
1531	2168	21
1811	2876	18
6343	734	21
6441	6800	115
1688	7327	20
2104	4748	20
3854	27	0
59	544	18
5940	7124	10
4246	3159	21
5789	1011	9
1461	34	0
1230	3941	10
6257	55	25
4111	1986	25
4	3834	9
2975	7122	122
6156	6687	21
102	4837	23
6555	795	0
6039	1536	21
7082	532	0
5249	115	21
1531	204	0
4427	128	0
6262	4977	18
1124	1042	25
3647	1886	21
518	371	21
4204	549	10
457	1035	51
1348	2282	20
4566	7334	18
5512	204	0
3976	4276	216
1550	3682	21
6587	5234	21
4491	5398	18
2671	811	52
2526	27	0
5753	1220	14
1229	116	0
1537	7336	20
4815	172	13
243	242	0
7337	4700	21
3515	5681	13
2851	935	10
34	1035	68
6936	65	52
2964	1443	18
795	679	230
3895	2715	18
6687	5139	10
7092	34	0
4269	106	23
6905	416	0
1962	341	21
5615	4490	18
4685	7227	21
17	811	17
6567	6550	13
6746	404	51
382	1478	49
4060	3754	10
6294	7343	20
4805	4	0
230	3855	385
6332	6871	21
3606	7345	25
3068	3495	18
10	4991	120
2314	1608	21
811	7168	44
5266	6468	18
1963	421	0
2213	268	0
509	7346	20
4991	7347	20
1534	7348	25
18	765	121
802	4212	21
7108	391	0
2025	57	23
2991	3794	21
532	5054	252
4097	204	0
2895	12	0
1814	34	0
2958	12	52
5882	312	0
4497	6828	9
482	128	0
525	7350	18
340	779	21
758	7351	25
6355	5605	51
1544	3951	10
4432	732	18
7014	6038	18
408	3180	80
12	1292	5
411	4	0
6595	4954	51
958	6805	18
6899	5022	21
3245	1144	20
6166	17	0
6173	7354	14
4417	6644	168
7039	204	0
2772	4391	21
7274	606	59
1158	6130	14
7101	7355	14
4102	1990	21
51	7357	20
2280	7359	20
5244	4	52
1991	5916	18
4052	7360	20
4117	7361	25
3684	4320	10
966	12	0
4753	3549	21
6153	116	0
6100	1513	21
2068	1683	25
3608	7363	20
1199	3277	21
1513	5613	13
4165	6807	25
5209	4350	18
1478	922	566
7168	1648	25
3456	7364	20
5226	7358	21
1699	7365	20
6210	128	0
6015	35	25
6451	204	0
2295	1986	25
2852	4925	20
3407	6818	21
4122	12	0
3191	2488	21
527	189	13
268	1437	9
3234	734	21
6763	34	0
1982	6808	25
5293	213	18
1314	4553	73
6058	7370	20
6021	537	0
7371	2734	9
323	323	21
3370	289	25
4833	65	0
238	4542	535
315	2876	18
7288	4462	21
1717	17	0
262	7180	6
2647	7372	18
2199	7373	25
1877	1178	52
57	1112	64
1123	1422	59
2174	1235	6
1584	2798	21
12	3713	31
3451	5733	21
7356	234	0
3282	6268	18
2388	7377	20
1299	4171	59
2198	7378	20
6746	7379	18
2921	116	0
354	1289	194
6350	734	21
5476	625	18
7380	2258	280
2944	7381	20
3682	2178	18
6495	65	0
1733	5950	33
654	7382	20
187	532	0
1895	4984	10
564	204	0
34	7384	8
1045	55	23
6441	34	0
2684	1304	21
4153	7387	25
312	2376	9
1286	320	0
376	7121	21
451	3862	429
278	915	18
2737	1922	21
3714	2912	21
1740	320	0
5982	3361	21
5693	474	18
2597	7390	18
1231	3083	18
2920	3495	18
2778	7391	20
408	627	17
5481	1767	23
7392	537	0
7269	353	73
2146	7393	20
3139	811	0
3947	7395	25
3642	2066	9
93	2046	21
7396	2734	9
5075	2149	18
2631	765	13
451	452	15
6031	27	0
522	7398	20
3793	2208	18
6376	12	0
5802	795	0
5315	416	0
276	709	21
260	3161	9
3974	907	21
5260	877	25
4677	7400	18
6582	5869	18
2050	2701	18
1881	7401	20
1908	7402	0
3369	1791	21
3627	3871	21
3978	6106	20
4976	6263	18
2621	7403	20
96	2594	52
6058	238	25
4181	395	52
4138	4857	21
2308	5925	25
525	884	21
32	128	0
934	2423	10
1365	12	0
6858	223	23
5788	268	0
7276	12	0
3890	532	0
6017	1720	14
1191	7404	20
794	7405	18
746	7352	59
6428	234	0
1144	7407	221
939	1043	21
2570	474	18
785	2171	25
2	2803	319
3069	7408	18
6201	7409	25
7081	268	0
4058	3884	18
4416	3622	13
6582	2926	18
4639	6752	122
1211	4984	10
116	2071	138
2049	5018	18
2930	7411	20
720	537	0
27	7240	16
1958	7412	20
22	641	570
1177	1177	21
2905	7413	20
996	1202	52
260	1119	253
2717	27	0
5707	2227	21
3098	391	0
4997	7414	18
3635	6209	10
3713	12	0
4472	257	9
1256	537	0
6478	12	0
3146	12	0
6746	3087	18
3369	4377	21
5840	22	52
6073	2337	13
346	4847	21
111	7417	13
57	7366	64
293	2562	21
2	1119	253
3083	7418	20
7107	68	0
5541	4785	25
113	4861	104
988	125	0
1684	2313	21
1054	7419	20
4967	544	18
1774	7148	18
4412	391	0
1239	7420	20
2464	118	25
6430	12	25
267	1937	250
5604	2561	168
12	5553	5
2500	7424	20
373	1706	109
2115	6470	21
1596	12	25
5708	6357	21
4761	116	0
7136	12	0
7329	17	0
3735	353	73
2836	4646	18
3490	27	0
5752	242	0
242	1517	5
4982	1608	21
5740	7429	20
4372	6011	59
2424	27	0
1289	1390	37
2535	858	13
4787	391	0
3088	5377	18
5707	5695	18
2402	3797	21
6073	1460	18
2137	7430	14
4157	1854	0
5553	4929	59
3711	1836	572
7367	3177	21
5930	6179	10
6690	2628	292
2973	7431	18
4431	7138	13
2758	128	0
1071	7433	122
6174	6807	51
6636	27	0
6088	7434	25
2600	4254	20
6445	898	88
76	391	0
6948	319	69
2295	7435	25
319	7436	20
1748	1706	109
2067	14	21
2435	4133	9
6521	416	0
4402	7438	25
5746	3228	18
7221	6931	14
5986	4022	20
4248	116	0
7258	267	52
1482	5934	25
1584	2538	21
236	3531	5
4176	4280	21
7225	17	0
4278	7439	20
5503	424	59
2092	3438	10
6144	4899	227
4493	7440	25
6303	353	73
1244	1300	6
3880	667	573
1151	734	21
354	2214	16
3787	5251	18
6137	2261	168
7443	2734	9
228	1232	25
1274	2022	23
6282	7446	18
3669	2075	73
4181	1664	10
354	4355	16
1382	68	0
232	242	0
5676	5591	21
2374	918	18
4089	1940	21
4987	128	0
7331	128	0
2393	6451	21
4836	29	0
1315	623	21
4	3258	574
577	234	0
339	234	0
2203	68	0
340	3099	21
6349	6979	18
4829	1433	23
3948	6117	115
5570	2265	21
1553	4354	20
2202	7448	13
6903	526	112
6547	6613	14
7142	2876	18
131	6711	33
1168	681	23
4720	12	0
4847	320	0
3611	5459	21
118	4495	62
6485	106	23
4991	1375	25